1789214493612 1.66135 0
1789214711519 2.15902 1
1789214913539 2.03514 2
1789215127090 1.8933 3
1789215329876 1.75092 4
1789215530874 1.6613 5
1789215726283 1.56525 6
1789215921686 1.52491 7
1789216118426 1.461 8
1789216318585 1.42798 9
1789216510899 1.37237 10
1789216704984 1.33349 11
1789216909728 1.30786 12
1789217122587 1.29386 13
1789217322403 1.26207 14
1789217521200 1.25609 15
1789217716646 1.22766 16
1789217912874 1.20884 17
1789218113327 1.16642 18
1789218310968 1.15298 19
1789218509084 1.1241 20
1789218700090 1.08584 21
1789218895694 1.07808 22
1789219088347 1.09041 23
1789219287323 1.04502 24
1789219481923 1.05737 25
1789219676547 1.05488 26
1789219871644 1.02437 27
1789220067942 0.99122 28
1789220268523 0.99522 29
1789220463810 0.98399 30
1789220661838 0.97338 31
1789220853502 0.97686 32
1789221045488 0.96343 33
1789221238723 0.93706 34
1789221435929 0.91249 35
1789221632456 0.90643 36
1789221826779 0.91465 37
1789222018020 0.92265 38
1789222210068 0.88585 39
1789222411204 0.86301 40
1789222604758 0.86588 41
1789222787673 0.87785 42
1789222967290 0.83118 43
1789223146988 0.86711 44
1789223324304 0.82173 45
1789223510091 0.80963 46
1789223691510 0.82225 47
1789223875073 0.81213 48
1789224054452 0.78943 49
1789224234491 0.81693 50
1789224415324 0.77761 51
1789224601209 0.77862 52
1789224782629 0.76108 53
1789224962901 0.75528 54
1789225146804 0.7621 55
1789225327790 0.74595 56
1789225507312 0.7401 57
1789225685454 0.72676 58
1789225869136 0.72319 59
1789226048562 0.73552 60
1789226231975 0.72458 61
1789226410319 0.69404 62
1789226592649 0.71559 63
1789226770482 0.70272 64
1789226952737 0.70318 65
1789227133701 0.67811 66
1789227316042 0.69845 67
1789227496908 0.68504 68
1789227677166 0.67414 69
1789227857448 0.66846 70
1789228042542 0.67223 71
1789228222387 0.65941 72
1789228405788 0.65639 73
1789228587810 0.63479 74
1789228771486 0.63985 75
1789228956094 0.62998 76
1789229143236 0.63693 77
1789229323400 0.61552 78
1789229506991 0.62678 79
1789229685315 0.61545 80
1789229865440 0.61624 81
1789230044601 0.62258 82
1789230232058 0.59723 83
1789230412978 0.61249 84
1789230596980 0.5758 85
1789230777009 0.60393 86
1789230955296 0.58233 87
1789231137129 0.59904 88
1789231325369 0.56354 89
1789231505378 0.56807 90
1789231686299 0.57239 91
1789231871504 0.58247 92
1789232052256 0.5682 93
1789232236578 0.57138 94
1789232414700 0.53197 95
1789232593590 0.54373 96
1789232773396 0.55218 97
1789232958484 0.53478 98
1789233139224 0.52667 99
1789233318875 0.56003 100
1789233499358 0.52377 101
1789233687853 0.5282 102
1789233867561 0.5279 103
1789234051089 0.53827 104
1789234230588 0.5236 105
1789234413384 0.5075 106
1789234591913 0.505 107
1789234771721 0.50829 108
1789234952918 0.49518 109
1789235135848 0.50503 110
1789235316681 0.48791 111
1789235500274 0.47757 112
1789235679651 0.48884 113
1789235862975 0.49486 114
1789236042076 0.47069 115
1789236225422 0.47892 116
1789236403926 0.47536 117
1789236583664 0.464 118
1789236764646 0.46238 119
1789236946263 0.46197 120
1789237127687 0.4584 121
1789237310445 0.44916 122
1789237489520 0.45186 123
1789237668275 0.44212 124
1789237851760 0.43267 125
1789238032560 0.45157 126
1789238214182 0.45016 127
1789238394258 0.43879 128
1789238578286 0.42787 129
1789238758879 0.44199 130
1789238941550 0.44376 131
1789239121408 0.42816 132
1789239304259 0.41886 133
1789239489764 0.43051 134
1789239676062 0.42837 135
1789239859993 0.40974 136
1789240041480 0.42296 137
1789240223013 0.41571 138
1789240409097 0.41829 139
1789240589334 0.40192 140
1789240772906 0.40769 141
1789240951721 0.39001 142
1789241130636 0.4122 143
1789241312107 0.40094 144
1789241495489 0.395 145
1789241675699 0.39113 146
1789241856129 0.39924 147
1789242039838 0.38875 148
1789242221260 0.39845 149
1789242402135 0.3877 150
1789242583504 0.38873 151
1789242767223 0.37706 152
1789242951408 0.38328 153
1789243133771 0.37821 154
1789243315311 0.37841 155
1789243501414 0.37673 156
1789243682437 0.37175 157
1789243862717 0.35396 158
1789244048184 0.37874 159
1789244228336 0.37136 160
1789244409501 0.36127 161
1789244592455 0.36707 162
1789244776492 0.35386 163
1789244956273 0.36181 164
1789245139517 0.36876 165
1789245320426 0.3692 166
1789245506519 0.36063 167
1789245686777 0.35649 168
1789245869497 0.35387 169
1789246050350 0.35928 170
1789246231083 0.35859 171
1789246412514 0.35425 172
1789246595447 0.35876 173
1789246779594 0.35036 174
1789246963586 0.34731 175
1789247146440 0.34398 176
1789247329911 0.3512 177
1789247508197 0.35785 178
1789247692100 0.35112 179
1789247872313 0.34199 180
1789248052884 0.33832 181
1789248234120 0.34047 182
1789248418204 0.33449 183
1789248602198 0.33276 184
1789248784355 0.34021 185
1789248964937 0.34386 186
1789249146004 0.3334 187
1789249326459 0.33681 188
1789249507350 0.3397 189
1789249726747 0.28327 190
1789249911109 0.2761 191
1789250090528 0.28414 192
1789250271403 0.2793 193
1789250457919 0.28083 194
1789250640396 0.27938 195
1789250824631 0.28207 196
1789251005212 0.27531 197
1789251190008 0.27982 198
1789251369988 0.2737 199
