1789214493612 2.07395 0
1789214711519 2.30729 1
1789214913539 2.22775 2
1789215127090 2.12494 3
1789215329876 1.98332 4
1789215530874 1.89755 5
1789215726283 1.79718 6
1789215921686 1.77185 7
1789216118426 1.6875 8
1789216318585 1.62612 9
1789216510899 1.55466 10
1789216704984 1.55703 11
1789216909728 1.505 12
1789217122587 1.47788 13
1789217322403 1.42843 14
1789217521200 1.41786 15
1789217716646 1.36642 16
1789217912874 1.37509 17
1789218113327 1.32047 18
1789218310968 1.27877 19
1789218509084 1.26941 20
1789218700090 1.23613 21
1789218895694 1.23387 22
1789219088347 1.18653 23
1789219287323 1.16959 24
1789219481923 1.14762 25
1789219676547 1.17238 26
1789219871644 1.13773 27
1789220067942 1.10362 28
1789220268523 1.07591 29
1789220463810 1.06934 30
1789220661838 1.05942 31
1789220853502 1.05687 32
1789221045488 1.05245 33
1789221238723 1.0158 34
1789221435929 1.00258 35
1789221632456 0.99964 36
1789221826779 0.96485 37
1789222018020 0.98217 38
1789222210068 0.95914 39
1789222411204 0.93422 40
1789222604758 0.92447 41
1789222787673 0.95342 42
1789222967290 0.8906 43
1789223146988 0.91586 44
1789223324304 0.89704 45
1789223510091 0.8698 46
1789223691510 0.87407 47
1789223875073 0.88891 48
1789224054452 0.84819 49
1789224234491 0.85662 50
1789224415324 0.81674 51
1789224601209 0.8036 52
1789224782629 0.80675 53
1789224962901 0.82049 54
1789225146804 0.7879 55
1789225327790 0.79344 56
1789225507312 0.78763 57
1789225685454 0.76232 58
1789225869136 0.7658 59
1789226048562 0.74738 60
1789226231975 0.75892 61
1789226410319 0.73483 62
1789226592649 0.73971 63
1789226770482 0.75669 64
1789226952737 0.7248 65
1789227133701 0.70123 66
1789227316042 0.7075 67
1789227496908 0.69704 68
1789227677166 0.7022 69
1789227857448 0.68626 70
1789228042542 0.69012 71
1789228222387 0.67983 72
1789228405788 0.65977 73
1789228587810 0.63378 74
1789228771486 0.64224 75
1789228956094 0.61927 76
1789229143236 0.64189 77
1789229323400 0.6156 78
1789229506991 0.62615 79
1789229685315 0.61642 80
1789229865440 0.61594 81
1789230044601 0.61656 82
1789230232058 0.60158 83
1789230412978 0.61179 84
1789230596980 0.58217 85
1789230777009 0.58962 86
1789230955296 0.56176 87
1789231137129 0.58699 88
1789231325369 0.55689 89
1789231505378 0.56565 90
1789231686299 0.55492 91
1789231871504 0.57362 92
1789232052256 0.55323 93
1789232236578 0.55412 94
1789232414700 0.52173 95
1789232593590 0.53216 96
1789232773396 0.52857 97
1789232958484 0.52463 98
1789233139224 0.51012 99
1789233318875 0.52971 100
1789233499358 0.48441 101
1789233687853 0.4851 102
1789233867561 0.50655 103
1789234051089 0.50254 104
1789234230588 0.49322 105
1789234413384 0.48399 106
1789234591913 0.47771 107
1789234771721 0.48741 108
1789234952918 0.46507 109
1789235135848 0.47598 110
1789235316681 0.45225 111
1789235500274 0.45767 112
1789235679651 0.45922 113
1789235862975 0.4651 114
1789236042076 0.43687 115
1789236225422 0.43782 116
1789236403926 0.44222 117
1789236583664 0.43988 118
1789236764646 0.42617 119
1789236946263 0.43592 120
1789237127687 0.41863 121
1789237310445 0.4077 122
1789237489520 0.41227 123
1789237668275 0.40295 124
1789237851760 0.40134 125
1789238032560 0.41763 126
1789238214182 0.4162 127
1789238394258 0.39603 128
1789238578286 0.39284 129
1789238758879 0.39899 130
1789238941550 0.40555 131
1789239121408 0.39169 132
1789239304259 0.37629 133
1789239489764 0.38896 134
1789239676062 0.39282 135
1789239859993 0.36811 136
1789240041480 0.39259 137
1789240223013 0.37577 138
1789240409097 0.38433 139
1789240589334 0.36922 140
1789240772906 0.37447 141
1789240951721 0.35549 142
1789241130636 0.36263 143
1789241312107 0.35134 144
1789241495489 0.3573 145
1789241675699 0.34951 146
1789241856129 0.35337 147
1789242039838 0.35232 148
1789242221260 0.3512 149
1789242402135 0.34757 150
1789242583504 0.35661 151
1789242767223 0.34208 152
1789242951408 0.33671 153
1789243133771 0.33477 154
1789243315311 0.34436 155
1789243501414 0.33868 156
1789243682437 0.33875 157
1789243862717 0.31765 158
1789244048184 0.34622 159
1789244228336 0.32141 160
1789244409501 0.31595 161
1789244592455 0.32201 162
1789244776492 0.31121 163
1789244956273 0.31354 164
1789245139517 0.32074 165
1789245320426 0.32027 166
1789245506519 0.31659 167
1789245686777 0.31893 168
1789245869497 0.31116 169
1789246050350 0.32235 170
1789246231083 0.31386 171
1789246412514 0.31045 172
1789246595447 0.31511 173
1789246779594 0.31548 174
1789246963586 0.30979 175
1789247146440 0.30259 176
1789247329911 0.30934 177
1789247508197 0.30818 178
1789247692100 0.30454 179
1789247872313 0.3043 180
1789248052884 0.29681 181
1789248234120 0.29672 182
1789248418204 0.29354 183
1789248602198 0.29602 184
1789248784355 0.30624 185
1789248964937 0.30286 186
1789249146004 0.30376 187
1789249326459 0.30475 188
1789249507350 0.29914 189
1789249726747 0.22378 190
1789249911109 0.21061 191
1789250090528 0.2217 192
1789250271403 0.21987 193
1789250457919 0.22051 194
1789250640396 0.22215 195
1789250824631 0.21865 196
1789251005212 0.21258 197
1789251190008 0.22089 198
1789251369988 0.21164 199
