1789214493612 1.87294 0
1789214711519 2.27164 1
1789214913539 2.20062 2
1789215127090 2.0731 3
1789215329876 1.94184 4
1789215530874 1.87571 5
1789215726283 1.80193 6
1789215921686 1.75697 7
1789216118426 1.70839 8
1789216318585 1.65187 9
1789216510899 1.62011 10
1789216704984 1.59155 11
1789216909728 1.57578 12
1789217122587 1.54645 13
1789217322403 1.52821 14
1789217521200 1.53259 15
1789217716646 1.50562 16
1789217912874 1.48132 17
1789218113327 1.45881 18
1789218310968 1.4406 19
1789218509084 1.4245 20
1789218700090 1.38653 21
1789218895694 1.38349 22
1789219088347 1.39894 23
1789219287323 1.36332 24
1789219481923 1.36883 25
1789219676547 1.37146 26
1789219871644 1.35098 27
1789220067942 1.31863 28
1789220268523 1.32373 29
1789220463810 1.31984 30
1789220661838 1.31606 31
1789220853502 1.30585 32
1789221045488 1.29563 33
1789221238723 1.27336 34
1789221435929 1.26343 35
1789221632456 1.25338 36
1789221826779 1.25712 37
1789222018020 1.26025 38
1789222210068 1.24554 39
1789222411204 1.23952 40
1789222604758 1.2279 41
1789222787673 1.23468 42
1789222967290 1.20099 43
1789223146988 1.22017 44
1789223324304 1.19321 45
1789223510091 1.19234 46
1789223691510 1.18882 47
1789223875073 1.18756 48
1789224054452 1.1712 49
1789224234491 1.18441 50
1789224415324 1.15994 51
1789224601209 1.15961 52
1789224782629 1.15169 53
1789224962901 1.14622 54
1789225146804 1.14549 55
1789225327790 1.13564 56
1789225507312 1.14177 57
1789225685454 1.12382 58
1789225869136 1.12531 59
1789226048562 1.12831 60
1789226231975 1.1191 61
1789226410319 1.10385 62
1789226592649 1.11274 63
1789226770482 1.09909 64
1789226952737 1.09983 65
1789227133701 1.08534 66
1789227316042 1.10177 67
1789227496908 1.08859 68
1789227677166 1.08052 69
1789227857448 1.08186 70
1789228042542 1.08335 71
1789228222387 1.07428 72
1789228405788 1.06229 73
1789228587810 1.06053 74
1789228771486 1.0609 75
1789228956094 1.05394 76
1789229143236 1.05271 77
1789229323400 1.04125 78
1789229506991 1.04084 79
1789229685315 1.04741 80
1789229865440 1.04912 81
1789230044601 1.04432 82
1789230232058 1.03721 83
1789230412978 1.0397 84
1789230596980 1.02239 85
1789230777009 1.02851 86
1789230955296 1.02959 87
1789231137129 1.02928 88
1789231325369 1.00184 89
1789231505378 1.00127 90
1789231686299 1.01301 91
1789231871504 1.02021 92
1789232052256 1.01178 93
1789232236578 1.00819 94
1789232414700 0.99172 95
1789232593590 0.99209 96
1789232773396 0.99961 97
1789232958484 0.99097 98
1789233139224 0.98439 99
1789233318875 1.01273 100
1789233499358 0.97372 101
1789233687853 0.97947 102
1789233867561 0.98555 103
1789234051089 0.99335 104
1789234230588 0.98052 105
1789234413384 0.96599 106
1789234591913 0.96785 107
1789234771721 0.9709 108
1789234952918 0.96295 109
1789235135848 0.96916 110
1789235316681 0.96113 111
1789235500274 0.94955 112
1789235679651 0.96425 113
1789235862975 0.96696 114
1789236042076 0.95214 115
1789236225422 0.95309 116
1789236403926 0.95442 117
1789236583664 0.94164 118
1789236764646 0.94376 119
1789236946263 0.93762 120
1789237127687 0.93972 121
1789237310445 0.93461 122
1789237489520 0.93809 123
1789237668275 0.92821 124
1789237851760 0.92912 125
1789238032560 0.94039 126
1789238214182 0.93434 127
1789238394258 0.93342 128
1789238578286 0.92597 129
1789238758879 0.9311 130
1789238941550 0.92963 131
1789239121408 0.92823 132
1789239304259 0.91529 133
1789239489764 0.93017 134
1789239676062 0.92157 135
1789239859993 0.91194 136
1789240041480 0.92414 137
1789240223013 0.91999 138
1789240409097 0.92169 139
1789240589334 0.91736 140
1789240772906 0.91743 141
1789240951721 0.90673 142
1789241130636 0.91447 143
1789241312107 0.90397 144
1789241495489 0.90822 145
1789241675699 0.90419 146
1789241856129 0.90108 147
1789242039838 0.90272 148
1789242221260 0.90786 149
1789242402135 0.89948 150
1789242583504 0.90578 151
1789242767223 0.89782 152
1789242951408 0.9018 153
1789243133771 0.89622 154
1789243315311 0.90003 155
1789243501414 0.8963 156
1789243682437 0.89728 157
1789243862717 0.88873 158
1789244048184 0.90176 159
1789244228336 0.8959 160
1789244409501 0.88884 161
1789244592455 0.89793 162
1789244776492 0.88574 163
1789244956273 0.89439 164
1789245139517 0.897 165
1789245320426 0.89245 166
1789245506519 0.88886 167
1789245686777 0.88387 168
1789245869497 0.88745 169
1789246050350 0.89033 170
1789246231083 0.8979 171
1789246412514 0.88367 172
1789246595447 0.894 173
1789246779594 0.88727 174
1789246963586 0.88542 175
1789247146440 0.87814 176
1789247329911 0.88329 177
1789247508197 0.89164 178
1789247692100 0.89086 179
1789247872313 0.88067 180
1789248052884 0.88712 181
1789248234120 0.87688 182
1789248418204 0.88089 183
1789248602198 0.87802 184
1789248784355 0.88126 185
1789248964937 0.88321 186
1789249146004 0.87769 187
1789249326459 0.87924 188
1789249507350 0.88642 189
1789249726747 0.83617 190
1789249911109 0.82817 191
1789250090528 0.83461 192
1789250271403 0.82648 193
1789250457919 0.82464 194
1789250640396 0.83318 195
1789250824631 0.83651 196
1789251005212 0.82922 197
1789251190008 0.83005 198
1789251369988 0.82545 199
