1789214493612 2.46118 0
1789214711519 3.00405 1
1789214913539 2.92704 2
1789215127090 2.89298 3
1789215329876 2.68711 4
1789215530874 2.565 5
1789215726283 2.53515 6
1789215921686 2.38163 7
1789216118426 2.32869 8
1789216318585 2.31274 9
1789216510899 2.21006 10
1789216704984 2.17985 11
1789216909728 2.13214 12
1789217122587 2.15576 13
1789217322403 2.0346 14
1789217521200 2.04644 15
1789217716646 1.97712 16
1789217912874 1.9571 17
1789218113327 1.97692 18
1789218310968 1.88305 19
1789218509084 1.88021 20
1789218700090 1.84268 21
1789218895694 1.83087 22
1789219088347 1.77879 23
1789219287323 1.74378 24
1789219481923 1.74524 25
1789219676547 1.77052 26
1789219871644 1.71254 27
1789220067942 1.67175 28
1789220268523 1.65984 29
1789220463810 1.67723 30
1789220661838 1.67753 31
1789220853502 1.61628 32
1789221045488 1.57778 33
1789221238723 1.59421 34
1789221435929 1.57093 35
1789221632456 1.52392 36
1789221826779 1.55981 37
1789222018020 1.51892 38
1789222210068 1.53699 39
1789222411204 1.42048 40
1789222604758 1.44844 41
1789222787673 1.51646 42
1789222967290 1.42142 43
1789223146988 1.45642 44
1789223324304 1.42319 45
1789223510091 1.4288 46
1789223691510 1.39067 47
1789223875073 1.40484 48
1789224054452 1.36403 49
1789224234491 1.37583 50
1789224415324 1.31119 51
1789224601209 1.32395 52
1789224782629 1.28598 53
1789224962901 1.29454 54
1789225146804 1.25751 55
1789225327790 1.29463 56
1789225507312 1.27184 57
1789225685454 1.25714 58
1789225869136 1.24438 59
1789226048562 1.23066 60
1789226231975 1.21251 61
1789226410319 1.18111 62
1789226592649 1.23153 63
1789226770482 1.19319 64
1789226952737 1.2081 65
1789227133701 1.14268 66
1789227316042 1.18625 67
1789227496908 1.15372 68
1789227677166 1.13498 69
1789227857448 1.14061 70
1789228042542 1.17448 71
1789228222387 1.1254 72
1789228405788 1.0839 73
1789228587810 1.06567 74
1789228771486 1.07438 75
1789228956094 1.05676 76
1789229143236 1.06971 77
1789229323400 1.05467 78
1789229506991 1.06865 79
1789229685315 1.03773 80
1789229865440 1.04706 81
1789230044601 1.05462 82
1789230232058 0.98943 83
1789230412978 1.00109 84
1789230596980 0.9756 85
1789230777009 1.02715 86
1789230955296 0.9884 87
1789231137129 1.03231 88
1789231325369 0.95734 89
1789231505378 0.93745 90
1789231686299 0.95827 91
1789231871504 0.97568 92
1789232052256 0.96302 93
1789232236578 0.97863 94
1789232414700 0.91321 95
1789232593590 0.94348 96
1789232773396 0.92562 97
1789232958484 0.91575 98
1789233139224 0.87701 99
1789233318875 0.9303 100
1789233499358 0.86742 101
1789233687853 0.88179 102
1789233867561 0.88907 103
1789234051089 0.88745 104
1789234230588 0.86471 105
1789234413384 0.84326 106
1789234591913 0.83575 107
1789234771721 0.83389 108
1789234952918 0.83907 109
1789235135848 0.84256 110
1789235316681 0.81678 111
1789235500274 0.79834 112
1789235679651 0.83388 113
1789235862975 0.84979 114
1789236042076 0.79787 115
1789236225422 0.79025 116
1789236403926 0.81875 117
1789236583664 0.76961 118
1789236764646 0.74827 119
1789236946263 0.74333 120
1789237127687 0.78007 121
1789237310445 0.73047 122
1789237489520 0.72998 123
1789237668275 0.73788 124
1789237851760 0.7179 125
1789238032560 0.74213 126
1789238214182 0.7565 127
1789238394258 0.71733 128
1789238578286 0.71952 129
1789238758879 0.71873 130
1789238941550 0.74703 131
1789239121408 0.72748 132
1789239304259 0.68911 133
1789239489764 0.70709 134
1789239676062 0.72542 135
1789239859993 0.68782 136
1789240041480 0.69315 137
1789240223013 0.69286 138
1789240409097 0.69762 139
1789240589334 0.66803 140
1789240772906 0.67945 141
1789240951721 0.64773 142
1789241130636 0.70234 143
1789241312107 0.64094 144
1789241495489 0.65982 145
1789241675699 0.64991 146
1789241856129 0.66389 147
1789242039838 0.65108 148
1789242221260 0.65523 149
1789242402135 0.65064 150
1789242583504 0.66473 151
1789242767223 0.6203 152
1789242951408 0.63234 153
1789243133771 0.63715 154
1789243315311 0.65246 155
1789243501414 0.63433 156
1789243682437 0.65204 157
1789243862717 0.59643 158
1789244048184 0.64253 159
1789244228336 0.63887 160
1789244409501 0.59435 161
1789244592455 0.62637 162
1789244776492 0.59877 163
1789244956273 0.59476 164
1789245139517 0.62133 165
1789245320426 0.61471 166
1789245506519 0.61986 167
1789245686777 0.58931 168
1789245869497 0.59428 169
1789246050350 0.60271 170
1789246231083 0.62313 171
1789246412514 0.59928 172
1789246595447 0.61827 173
1789246779594 0.60583 174
1789246963586 0.60097 175
1789247146440 0.56826 176
1789247329911 0.57594 177
1789247508197 0.61992 178
1789247692100 0.59471 179
1789247872313 0.59902 180
1789248052884 0.56109 181
1789248234120 0.57309 182
1789248418204 0.56095 183
1789248602198 0.57972 184
1789248784355 0.57839 185
1789248964937 0.59949 186
1789249146004 0.58127 187
1789249326459 0.5761 188
1789249507350 0.58167 189
1789249726747 0.48701 190
1789249911109 0.4588 191
1789250090528 0.49329 192
1789250271403 0.47022 193
1789250457919 0.46566 194
1789250640396 0.48402 195
1789250824631 0.47489 196
1789251005212 0.46196 197
1789251190008 0.46986 198
1789251369988 0.45317 199
