1789214493612 0.0 0
1789214711519 0.0 1
1789214913539 0.0 2
1789215127090 0.0 3
1789215329876 0.0 4
1789215530874 0.0 5
1789215726283 0.0 6
1789215921686 0.0 7
1789216118426 0.0 8
1789216318585 0.0 9
1789216510899 0.0 10
1789216704984 0.0 11
1789216909728 0.0 12
1789217122587 0.0 13
1789217322403 0.0 14
1789217521200 0.0 15
1789217716646 0.0 16
1789217912874 0.0 17
1789218113327 0.0 18
1789218310968 0.0 19
1789218509084 0.0 20
1789218700090 0.0 21
1789218895694 0.0 22
1789219088347 0.0 23
1789219287323 0.0 24
1789219481923 0.0 25
1789219676547 0.0 26
1789219871644 0.0 27
1789220067942 0.0 28
1789220268523 0.0 29
1789220463810 0.0 30
1789220661838 0.0 31
1789220853502 0.0 32
1789221045488 0.0 33
1789221238723 0.0 34
1789221435929 0.0 35
1789221632456 0.0 36
1789221826779 0.0 37
1789222018020 0.0 38
1789222210068 0.0 39
1789222411204 0.0 40
1789222604758 0.0 41
1789222787673 0.0 42
1789222967290 0.0 43
1789223146988 0.0 44
1789223324304 0.0 45
1789223510091 0.0 46
1789223691510 0.0 47
1789223875073 0.0 48
1789224054452 0.0 49
1789224234491 0.0 50
1789224415324 0.0 51
1789224601209 0.0 52
1789224782629 0.0 53
1789224962901 0.0 54
1789225146804 0.0 55
1789225327790 0.0 56
1789225507312 0.0 57
1789225685454 0.0 58
1789225869136 0.0 59
1789226048562 0.0 60
1789226231975 0.0 61
1789226410319 0.0 62
1789226592649 0.0 63
1789226770482 0.0 64
1789226952737 0.0 65
1789227133701 0.0 66
1789227316042 0.0 67
1789227496908 0.0 68
1789227677166 0.0 69
1789227857448 0.0 70
1789228042542 0.0 71
1789228222387 0.0 72
1789228405788 0.0 73
1789228587810 0.0 74
1789228771486 0.0 75
1789228956094 0.0 76
1789229143236 0.0 77
1789229323400 0.0 78
1789229506991 0.0 79
1789229685315 0.0 80
1789229865440 0.0 81
1789230044601 0.0 82
1789230232058 0.0 83
1789230412978 0.0 84
1789230596980 0.0 85
1789230777009 0.0 86
1789230955296 0.0 87
1789231137129 0.0 88
1789231325369 0.0 89
1789231505378 0.0 90
1789231686299 0.0 91
1789231871504 0.0 92
1789232052256 0.0 93
1789232236578 0.0 94
1789232414700 0.0 95
1789232593590 0.0 96
1789232773396 0.0 97
1789232958484 0.0 98
1789233139224 0.0 99
1789233318875 0.0 100
1789233499358 0.0 101
1789233687853 0.0 102
1789233867561 0.0 103
1789234051089 0.0 104
1789234230588 0.0 105
1789234413384 0.0 106
1789234591913 0.0 107
1789234771721 0.0 108
1789234952918 0.0 109
1789235135848 0.0 110
1789235316681 0.0 111
1789235500274 0.0 112
1789235679651 0.0 113
1789235862975 0.0 114
1789236042076 0.0 115
1789236225422 0.0 116
1789236403926 0.0 117
1789236583664 0.0 118
1789236764646 0.0 119
1789236946263 0.0 120
1789237127687 0.0 121
1789237310445 0.0 122
1789237489520 0.0 123
1789237668275 0.0 124
1789237851760 0.0 125
1789238032560 0.0 126
1789238214182 0.0 127
1789238394258 0.0 128
1789238578286 0.0 129
1789238758879 0.0 130
1789238941550 0.0 131
1789239121408 0.0 132
1789239304259 0.0 133
1789239489764 0.0 134
1789239676062 0.0 135
1789239859993 0.0 136
1789240041480 0.0 137
1789240223013 0.0 138
1789240409097 0.0 139
1789240589334 0.0 140
1789240772906 0.0 141
1789240951721 0.0 142
1789241130636 0.0 143
1789241312107 0.0 144
1789241495489 0.0 145
1789241675699 0.0 146
1789241856129 0.0 147
1789242039838 0.0 148
1789242221260 0.0 149
1789242402135 0.0 150
1789242583504 0.0 151
1789242767223 0.0 152
1789242951408 0.0 153
1789243133771 0.0 154
1789243315311 0.0 155
1789243501414 0.0 156
1789243682437 0.0 157
1789243862717 0.0 158
1789244048184 0.0 159
1789244228336 0.0 160
1789244409501 0.0 161
1789244592455 0.0 162
1789244776492 0.0 163
1789244956273 0.0 164
1789245139517 0.0 165
1789245320426 0.0 166
1789245506519 0.0 167
1789245686777 0.0 168
1789245869497 0.0 169
1789246050350 0.0 170
1789246231083 0.0 171
1789246412514 0.0 172
1789246595447 0.0 173
1789246779594 0.0 174
1789246963586 0.0 175
1789247146440 0.0 176
1789247329911 0.0 177
1789247508197 0.0 178
1789247692100 0.0 179
1789247872313 0.0 180
1789248052884 0.0 181
1789248234120 0.0 182
1789248418204 0.0 183
1789248602198 0.0 184
1789248784355 0.0 185
1789248964937 0.0 186
1789249146004 0.0 187
1789249326459 0.0 188
1789249507350 0.0 189
1789249726747 0.0 190
1789249911109 0.0 191
1789250090528 0.0 192
1789250271403 0.0 193
1789250457919 0.0 194
1789250640396 0.0 195
1789250824631 0.0 196
1789251005212 0.0 197
1789251190008 0.0 198
1789251369988 0.0 199
