1789194379009 1.9509 0
1789194636578 2.58865 1
1789194847913 2.49913 2
1789195048296 2.36824 3
1789195243008 2.24865 4
1789195434189 2.13077 5
1789195622189 2.02129 6
1789195813798 1.95361 7
1789196003009 1.8687 8
1789196193837 1.80724 9
1789196390826 1.73968 10
1789196589585 1.70851 11
1789196784910 1.65466 12
1789196979711 1.62413 13
1789197166470 1.57602 14
1789197359981 1.53052 15
1789197548444 1.50122 16
1789197734908 1.48159 17
1789197927488 1.44612 18
1789198115067 1.42232 19
1789198306559 1.37393 20
1789198497478 1.35086 21
1789198690591 1.34096 22
1789198878580 1.29326 23
1789199067953 1.27486 24
1789199262241 1.2845 25
1789199450661 1.24039 26
1789199643963 1.22176 27
1789199831576 1.21459 28
1789200027470 1.20798 29
1789200213684 1.18427 30
1789200404728 1.18527 31
1789200594901 1.16061 32
1789200789473 1.15837 33
1789200982350 1.10926 34
1789201177406 1.09884 35
1789201378070 1.06938 36
1789201575352 1.06892 37
1789201767098 1.05849 38
1789201954946 1.02189 39
1789202138960 1.01188 40
1789202322817 1.04353 41
1789202516729 1.02668 42
1789202707661 0.97015 43
1789202897047 0.96907 44
1789203094004 0.96838 45
1789203283538 0.96634 46
1789203470620 0.93812 47
1789203658771 0.94785 48
1789203855343 0.91213 49
1789204042949 0.89974 50
1789204232924 0.9023 51
1789204430052 0.87764 52
1789204617861 0.85721 53
1789204807993 0.86522 54
1789204996256 0.86135 55
1789205189721 0.86963 56
1789205378303 0.83395 57
1789205571938 0.83023 58
1789205758930 0.82407 59
1789205948772 0.81146 60
1789206141647 0.80506 61
1789206331136 0.78567 62
1789206525997 0.78186 63
1789206714699 0.76565 64
1789206911172 0.76265 65
1789207103745 0.75625 66
1789207296805 0.74913 67
1789207492854 0.7391 68
1789207687808 0.73007 69
1789207876626 0.72384 70
1789208064677 0.71591 71
1789208257587 0.70747 72
1789208447784 0.68166 73
1789208637526 0.67295 74
1789208828458 0.68092 75
1789209022939 0.67491 76
1789209212467 0.65368 77
1789209404748 0.6499 78
1789209590394 0.64137 79
1789209777886 0.64409 80
1789209970270 0.63756 81
1789210159885 0.62833 82
1789210348143 0.62428 83
1789210536602 0.62117 84
1789210729937 0.59328 85
1789210923083 0.60775 86
1789211111621 0.59474 87
1789211303968 0.58276 88
1789211497490 0.5775 89
1789211691919 0.5699 90
1789211890944 0.5642 91
1789212084939 0.57444 92
1789212277974 0.56041 93
1789212469348 0.55345 94
1789212659521 0.53968 95
1789212853479 0.54284 96
1789213046046 0.54297 97
1789213232493 0.53831 98
1789213424544 0.52882 99
