1789194379009 0.58346 0
1789194636578 0.65659 1
1789194847913 0.63848 2
1789195048296 0.6242 3
1789195243008 0.59101 4
1789195434189 0.55776 5
1789195622189 0.51972 6
1789195813798 0.49853 7
1789196003009 0.48404 8
1789196193837 0.47074 9
1789196390826 0.45888 10
1789196589585 0.44455 11
1789196784910 0.43759 12
1789196979711 0.4297 13
1789197166470 0.42227 14
1789197359981 0.41191 15
1789197548444 0.40315 16
1789197734908 0.39572 17
1789197927488 0.3922 18
1789198115067 0.38446 19
1789198306559 0.3715 20
1789198497478 0.36391 21
1789198690591 0.36906 22
1789198878580 0.35893 23
1789199067953 0.34651 24
1789199262241 0.34654 25
1789199450661 0.3424 26
1789199643963 0.33695 27
1789199831576 0.33452 28
1789200027470 0.33174 29
1789200213684 0.32514 30
1789200404728 0.31723 31
1789200594901 0.31625 32
1789200789473 0.31336 33
1789200982350 0.30815 34
1789201177406 0.30227 35
1789201378070 0.29334 36
1789201575352 0.29133 37
1789201767098 0.28719 38
1789201954946 0.28163 39
1789202138960 0.28147 40
1789202322817 0.2885 41
1789202516729 0.28124 42
1789202707661 0.26827 43
1789202897047 0.26924 44
1789203094004 0.27111 45
1789203283538 0.26861 46
1789203470620 0.25656 47
1789203658771 0.25935 48
1789203855343 0.25071 49
1789204042949 0.24234 50
1789204232924 0.24441 51
1789204430052 0.23233 52
1789204617861 0.2365 53
1789204807993 0.23626 54
1789204996256 0.23397 55
1789205189721 0.23225 56
1789205378303 0.22137 57
1789205571938 0.22006 58
1789205758930 0.22348 59
1789205948772 0.21693 60
1789206141647 0.21881 61
1789206331136 0.2105 62
1789206525997 0.20878 63
1789206714699 0.20416 64
1789206911172 0.20529 65
1789207103745 0.20008 66
1789207296805 0.20178 67
1789207492854 0.19911 68
1789207687808 0.19293 69
1789207876626 0.19121 70
1789208064677 0.18926 71
1789208257587 0.18547 72
1789208447784 0.18326 73
1789208637526 0.17984 74
1789208828458 0.18056 75
1789209022939 0.17616 76
1789209212467 0.17285 77
1789209404748 0.16898 78
1789209590394 0.16521 79
1789209777886 0.17087 80
1789209970270 0.16622 81
1789210159885 0.16191 82
1789210348143 0.16101 83
1789210536602 0.15896 84
1789210729937 0.15332 85
1789210923083 0.15397 86
1789211111621 0.15143 87
1789211303968 0.14978 88
1789211497490 0.14778 89
1789211691919 0.14715 90
1789211890944 0.14161 91
1789212084939 0.14564 92
1789212277974 0.14238 93
1789212469348 0.13986 94
1789212659521 0.13588 95
1789212853479 0.13568 96
1789213046046 0.13759 97
1789213232493 0.13646 98
1789213424544 0.13389 99
