1789194379009 2.12598 0
1789194636578 2.67051 1
1789194847913 2.57758 2
1789195048296 2.46982 3
1789195243008 2.363 4
1789195434189 2.28103 5
1789195622189 2.15436 6
1789195813798 2.1091 7
1789196003009 2.02363 8
1789196193837 1.98273 9
1789196390826 1.93424 10
1789196589585 1.90867 11
1789196784910 1.85589 12
1789196979711 1.83644 13
1789197166470 1.79539 14
1789197359981 1.75805 15
1789197548444 1.73472 16
1789197734908 1.70629 17
1789197927488 1.69098 18
1789198115067 1.66062 19
1789198306559 1.61819 20
1789198497478 1.59748 21
1789198690591 1.58554 22
1789198878580 1.54086 23
1789199067953 1.53689 24
1789199262241 1.54639 25
1789199450661 1.50672 26
1789199643963 1.49846 27
1789199831576 1.48363 28
1789200027470 1.47848 29
1789200213684 1.46125 30
1789200404728 1.46058 31
1789200594901 1.44413 32
1789200789473 1.43386 33
1789200982350 1.40113 34
1789201177406 1.39652 35
1789201378070 1.36163 36
1789201575352 1.36168 37
1789201767098 1.36288 38
1789201954946 1.32475 39
1789202138960 1.32314 40
1789202322817 1.33638 41
1789202516729 1.33301 42
1789202707661 1.29022 43
1789202897047 1.28691 44
1789203094004 1.29442 45
1789203283538 1.27439 46
1789203470620 1.26265 47
1789203658771 1.26393 48
1789203855343 1.24689 49
1789204042949 1.23156 50
1789204232924 1.22527 51
1789204430052 1.21226 52
1789204617861 1.19949 53
1789204807993 1.20542 54
1789204996256 1.20352 55
1789205189721 1.20693 56
1789205378303 1.17164 57
1789205571938 1.17452 58
1789205758930 1.16988 59
1789205948772 1.16334 60
1789206141647 1.1527 61
1789206331136 1.14132 62
1789206525997 1.14032 63
1789206714699 1.12216 64
1789206911172 1.12743 65
1789207103745 1.11759 66
1789207296805 1.11459 67
1789207492854 1.10611 68
1789207687808 1.09995 69
1789207876626 1.09414 70
1789208064677 1.09082 71
1789208257587 1.08194 72
1789208447784 1.06777 73
1789208637526 1.0633 74
1789208828458 1.064 75
1789209022939 1.0638 76
1789209212467 1.05054 77
1789209404748 1.04493 78
1789209590394 1.03396 79
1789209777886 1.03996 80
1789209970270 1.03145 81
1789210159885 1.03228 82
1789210348143 1.02758 83
1789210536602 1.02313 84
1789210729937 1.00613 85
1789210923083 1.01268 86
1789211111621 1.01008 87
1789211303968 0.99722 88
1789211497490 0.98978 89
1789211691919 0.99212 90
1789211890944 0.98361 91
1789212084939 1.00092 92
1789212277974 0.99292 93
1789212469348 0.98052 94
1789212659521 0.97665 95
1789212853479 0.98253 96
1789213046046 0.97605 97
1789213232493 0.97769 98
1789213424544 0.96713 99
