1789194379009 1.54415 0
1789194636578 1.94005 1
1789194847913 1.90855 2
1789195048296 1.89777 3
1789195243008 1.82995 4
1789195434189 1.77775 5
1789195622189 1.69924 6
1789195813798 1.6647 7
1789196003009 1.6262 8
1789196193837 1.56716 9
1789196390826 1.54356 10
1789196589585 1.55316 11
1789196784910 1.47935 12
1789196979711 1.497 13
1789197166470 1.44506 14
1789197359981 1.43807 15
1789197548444 1.43029 16
1789197734908 1.39646 17
1789197927488 1.35691 18
1789198115067 1.32012 19
1789198306559 1.32289 20
1789198497478 1.27116 21
1789198690591 1.28565 22
1789198878580 1.28403 23
1789199067953 1.25656 24
1789199262241 1.2535 25
1789199450661 1.23417 26
1789199643963 1.2154 27
1789199831576 1.21707 28
1789200027470 1.19485 29
1789200213684 1.17949 30
1789200404728 1.17604 31
1789200594901 1.15275 32
1789200789473 1.16111 33
1789200982350 1.13129 34
1789201177406 1.12444 35
1789201378070 1.0893 36
1789201575352 1.10414 37
1789201767098 1.08309 38
1789201954946 1.07722 39
1789202138960 1.05805 40
1789202322817 1.06131 41
1789202516729 1.06425 42
1789202707661 1.03915 43
1789202897047 1.03216 44
1789203094004 1.02357 45
1789203283538 1.02295 46
1789203470620 0.98863 47
1789203658771 0.99747 48
1789203855343 0.99243 49
1789204042949 0.95088 50
1789204232924 0.93963 51
1789204430052 0.9464 52
1789204617861 0.94 53
1789204807993 0.94382 54
1789204996256 0.93241 55
1789205189721 0.95259 56
1789205378303 0.91727 57
1789205571938 0.89588 58
1789205758930 0.91865 59
1789205948772 0.88103 60
1789206141647 0.90214 61
1789206331136 0.87745 62
1789206525997 0.87383 63
1789206714699 0.8686 64
1789206911172 0.84607 65
1789207103745 0.84002 66
1789207296805 0.85954 67
1789207492854 0.84592 68
1789207687808 0.81563 69
1789207876626 0.80966 70
1789208064677 0.81026 71
1789208257587 0.79827 72
1789208447784 0.78584 73
1789208637526 0.77694 74
1789208828458 0.78712 75
1789209022939 0.79029 76
1789209212467 0.76481 77
1789209404748 0.76159 78
1789209590394 0.7446 79
1789209777886 0.7569 80
1789209970270 0.73607 81
1789210159885 0.74773 82
1789210348143 0.72852 83
1789210536602 0.73231 84
1789210729937 0.70454 85
1789210923083 0.71441 86
1789211111621 0.71231 87
1789211303968 0.70446 88
1789211497490 0.67945 89
1789211691919 0.67723 90
1789211890944 0.67729 91
1789212084939 0.69585 92
1789212277974 0.68753 93
1789212469348 0.68124 94
1789212659521 0.66053 95
1789212853479 0.67564 96
1789213046046 0.65854 97
1789213232493 0.66318 98
1789213424544 0.65373 99
