1789194379009 0.0 0
1789194636578 0.0 1
1789194847913 0.0 2
1789195048296 0.0 3
1789195243008 0.0 4
1789195434189 0.0 5
1789195622189 0.0 6
1789195813798 0.0 7
1789196003009 0.0 8
1789196193837 0.0 9
1789196390826 0.0 10
1789196589585 0.0 11
1789196784910 0.0 12
1789196979711 0.0 13
1789197166470 0.0 14
1789197359981 0.0 15
1789197548444 0.0 16
1789197734908 0.0 17
1789197927488 0.0 18
1789198115067 0.0 19
1789198306559 0.0 20
1789198497478 0.0 21
1789198690591 0.0 22
1789198878580 0.0 23
1789199067953 0.0 24
1789199262241 0.0 25
1789199450661 0.0 26
1789199643963 0.0 27
1789199831576 0.0 28
1789200027470 0.0 29
1789200213684 0.0 30
1789200404728 0.0 31
1789200594901 0.0 32
1789200789473 0.0 33
1789200982350 0.0 34
1789201177406 0.0 35
1789201378070 0.0 36
1789201575352 0.0 37
1789201767098 0.0 38
1789201954946 0.0 39
1789202138960 0.0 40
1789202322817 0.0 41
1789202516729 0.0 42
1789202707661 0.0 43
1789202897047 0.0 44
1789203094004 0.0 45
1789203283538 0.0 46
1789203470620 0.0 47
1789203658771 0.0 48
1789203855343 0.0 49
1789204042949 0.0 50
1789204232924 0.0 51
1789204430052 0.0 52
1789204617861 0.0 53
1789204807993 0.0 54
1789204996256 0.0 55
1789205189721 0.0 56
1789205378303 0.0 57
1789205571938 0.0 58
1789205758930 0.0 59
1789205948772 0.0 60
1789206141647 0.0 61
1789206331136 0.0 62
1789206525997 0.0 63
1789206714699 0.0 64
1789206911172 0.0 65
1789207103745 0.0 66
1789207296805 0.0 67
1789207492854 0.0 68
1789207687808 0.0 69
1789207876626 0.0 70
1789208064677 0.0 71
1789208257587 0.0 72
1789208447784 0.0 73
1789208637526 0.0 74
1789208828458 0.0 75
1789209022939 0.0 76
1789209212467 0.0 77
1789209404748 0.0 78
1789209590394 0.0 79
1789209777886 0.0 80
1789209970270 0.0 81
1789210159885 0.0 82
1789210348143 0.0 83
1789210536602 0.0 84
1789210729937 0.0 85
1789210923083 0.0 86
1789211111621 0.0 87
1789211303968 0.0 88
1789211497490 0.0 89
1789211691919 0.0 90
1789211890944 0.0 91
1789212084939 0.0 92
1789212277974 0.0 93
1789212469348 0.0 94
1789212659521 0.0 95
1789212853479 0.0 96
1789213046046 0.0 97
1789213232493 0.0 98
1789213424544 0.0 99
