1789194416234 0.00161 0
1789194660736 0.00991 1
1789194867556 0.00572 2
1789195067460 0.04504 3
1789195261367 0.07822 4
1789195452676 0.10463 5
1789195640375 0.14276 6
1789195831698 0.13596 7
1789196021603 0.16704 8
1789196213170 0.16564 9
1789196410181 0.18604 10
1789196608590 0.19353 11
1789196804939 0.19865 12
1789196997466 0.20158 13
1789197187327 0.23905 14
1789197378303 0.22667 15
1789197566883 0.2583 16
1789197753527 0.25696 17
1789197945650 0.24591 18
1789198132973 0.26556 19
1789198325000 0.27715 20
1789198517533 0.32411 21
1789198708325 0.30417 22
1789198897534 0.29961 23
1789199086690 0.32486 24
1789199280455 0.30753 25
1789199469042 0.35293 26
1789199662967 0.32395 27
1789199850147 0.31132 28
1789200045260 0.32303 29
1789200230989 0.34162 30
1789200422416 0.36832 31
1789200613814 0.37273 32
1789200807586 0.38054 33
1789201002284 0.36724 34
1789201199343 0.3898 35
1789201396672 0.3917 36
1789201593746 0.39271 37
1789201785168 0.41335 38
1789201972296 0.40814 39
1789202156740 0.39928 40
1789202344340 0.39363 41
1789202535125 0.39937 42
1789202726000 0.41666 43
1789202917745 0.40964 44
1789203111745 0.40289 45
1789203301560 0.41379 46
1789203488939 0.42694 47
1789203677865 0.45511 48
1789203873556 0.43505 49
1789204061459 0.45258 50
1789204251384 0.4357 51
1789204448063 0.45065 52
1789204635811 0.42211 53
1789204826062 0.47369 54
1789205014494 0.45007 55
1789205207679 0.48879 56
1789205396559 0.4713 57
1789205590085 0.45697 58
1789205777253 0.47125 59
1789205967283 0.48698 60
1789206159780 0.46176 61
1789206349537 0.48186 62
1789206544499 0.48039 63
1789206734147 0.47372 64
1789206929414 0.49831 65
1789207122560 0.48483 66
1789207316523 0.50803 67
1789207513857 0.4892 68
1789207705736 0.49304 69
1789207894907 0.48998 70
1789208083184 0.51392 71
1789208275494 0.5157 72
1789208465861 0.51555 73
1789208655689 0.52208 74
1789208847471 0.5196 75
1789209041523 0.53319 76
1789209230116 0.52852 77
1789209422266 0.51448 78
1789209608554 0.53234 79
1789209796008 0.51766 80
1789209990303 0.53274 81
1789210179025 0.53934 82
1789210365247 0.51689 83
1789210554164 0.52367 84
1789210753663 0.53326 85
1789210941437 0.53929 86
1789211129486 0.54705 87
1789211323149 0.54279 88
1789211515558 0.53713 89
1789211711916 0.54376 90
1789211908342 0.5463 91
1789212103594 0.55645 92
1789212296404 0.56087 93
1789212486726 0.55325 94
1789212677300 0.55989 95
1789212872719 0.56783 96
1789213061950 0.56475 97
1789213249961 0.56605 98
1789213444681 0.56369 99
1789213471869 0.5640502966207428 100
