1789194416234 0.00043 0
1789194660736 0.00294 1
1789194867556 0.0016 2
1789195067460 0.02042 3
1789195261367 0.03589 4
1789195452676 0.04971 5
1789195640375 0.07587 6
1789195831698 0.07129 7
1789196021603 0.08693 8
1789196213170 0.09044 9
1789196410181 0.10419 10
1789196608590 0.11185 11
1789196804939 0.11615 12
1789196997466 0.10517 13
1789197187327 0.13925 14
1789197378303 0.12765 15
1789197566883 0.14854 16
1789197753527 0.15599 17
1789197945650 0.14138 18
1789198132973 0.15826 19
1789198325000 0.16561 20
1789198517533 0.19666 21
1789198708325 0.18112 22
1789198897534 0.18391 23
1789199086690 0.20227 24
1789199280455 0.19607 25
1789199469042 0.21019 26
1789199662967 0.18077 27
1789199850147 0.19796 28
1789200045260 0.20506 29
1789200230989 0.20648 30
1789200422416 0.22703 31
1789200613814 0.23495 32
1789200807586 0.24198 33
1789201002284 0.22305 34
1789201199343 0.23973 35
1789201396672 0.25859 36
1789201593746 0.24789 37
1789201785168 0.2588 38
1789201972296 0.26447 39
1789202156740 0.25827 40
1789202344340 0.25563 41
1789202535125 0.25761 42
1789202726000 0.26258 43
1789202917745 0.26618 44
1789203111745 0.26879 45
1789203301560 0.27517 46
1789203488939 0.28002 47
1789203677865 0.29468 48
1789203873556 0.2908 49
1789204061459 0.30194 50
1789204251384 0.28824 51
1789204448063 0.30226 52
1789204635811 0.28061 53
1789204826062 0.31332 54
1789205014494 0.3042 55
1789205207679 0.32506 56
1789205396559 0.31222 57
1789205590085 0.29474 58
1789205777253 0.31396 59
1789205967283 0.32748 60
1789206159780 0.31505 61
1789206349537 0.32443 62
1789206544499 0.32342 63
1789206734147 0.32272 64
1789206929414 0.33207 65
1789207122560 0.33079 66
1789207316523 0.34703 67
1789207513857 0.33421 68
1789207705736 0.34071 69
1789207894907 0.33786 70
1789208083184 0.34693 71
1789208275494 0.34808 72
1789208465861 0.35172 73
1789208655689 0.34994 74
1789208847471 0.35014 75
1789209041523 0.35967 76
1789209230116 0.36375 77
1789209422266 0.35109 78
1789209608554 0.35764 79
1789209796008 0.35825 80
1789209990303 0.36185 81
1789210179025 0.36877 82
1789210365247 0.35563 83
1789210554164 0.36551 84
1789210753663 0.36389 85
1789210941437 0.37348 86
1789211129486 0.37645 87
1789211323149 0.37021 88
1789211515558 0.37274 89
1789211711916 0.37566 90
1789211908342 0.38055 91
1789212103594 0.38399 92
1789212296404 0.3859 93
1789212486726 0.3796 94
1789212677300 0.38826 95
1789212872719 0.39459 96
1789213061950 0.39039 97
1789213249961 0.39423 98
1789213444681 0.39295 99
1789213471869 0.392942762888163 100
