1789194416234 0.00093 0
1789194660736 0.00473 1
1789194867556 0.00368 2
1789195067460 0.02277 3
1789195261367 0.04362 4
1789195452676 0.06174 5
1789195640375 0.08587 6
1789195831698 0.08968 7
1789196021603 0.10712 8
1789196213170 0.11194 9
1789196410181 0.13726 10
1789196608590 0.1371 11
1789196804939 0.13636 12
1789196997466 0.13636 13
1789197187327 0.17464 14
1789197378303 0.1757 15
1789197566883 0.20119 16
1789197753527 0.19231 17
1789197945650 0.1844 18
1789198132973 0.19377 19
1789198325000 0.21285 20
1789198517533 0.25242 21
1789198708325 0.21616 22
1789198897534 0.23204 23
1789199086690 0.25153 24
1789199280455 0.24575 25
1789199469042 0.26411 26
1789199662967 0.2438 27
1789199850147 0.26199 28
1789200045260 0.25642 29
1789200230989 0.2621 30
1789200422416 0.29002 31
1789200613814 0.29824 32
1789200807586 0.29617 33
1789201002284 0.2916 34
1789201199343 0.30486 35
1789201396672 0.30934 36
1789201593746 0.31186 37
1789201785168 0.33096 38
1789201972296 0.33549 39
1789202156740 0.32376 40
1789202344340 0.31925 41
1789202535125 0.33538 42
1789202726000 0.32854 43
1789202917745 0.33743 44
1789203111745 0.34799 45
1789203301560 0.35354 46
1789203488939 0.34159 47
1789203677865 0.37695 48
1789203873556 0.36857 49
1789204061459 0.37754 50
1789204251384 0.36628 51
1789204448063 0.38583 52
1789204635811 0.36666 53
1789204826062 0.39456 54
1789205014494 0.38169 55
1789205207679 0.41198 56
1789205396559 0.39815 57
1789205590085 0.39207 58
1789205777253 0.40589 59
1789205967283 0.40888 60
1789206159780 0.40816 61
1789206349537 0.41558 62
1789206544499 0.41453 63
1789206734147 0.41631 64
1789206929414 0.42525 65
1789207122560 0.4159 66
1789207316523 0.4367 67
1789207513857 0.43331 68
1789207705736 0.4386 69
1789207894907 0.42588 70
1789208083184 0.44136 71
1789208275494 0.44437 72
1789208465861 0.44129 73
1789208655689 0.44688 74
1789208847471 0.45259 75
1789209041523 0.46155 76
1789209230116 0.46179 77
1789209422266 0.45051 78
1789209608554 0.46222 79
1789209796008 0.45836 80
1789209990303 0.46571 81
1789210179025 0.47284 82
1789210365247 0.45823 83
1789210554164 0.46626 84
1789210753663 0.46724 85
1789210941437 0.47391 86
1789211129486 0.474 87
1789211323149 0.48049 88
1789211515558 0.47962 89
1789211711916 0.48414 90
1789211908342 0.48832 91
1789212103594 0.48881 92
1789212296404 0.48298 93
1789212486726 0.48846 94
1789212677300 0.49129 95
1789212872719 0.49611 96
1789213061950 0.49608 97
1789213249961 0.49504 98
1789213444681 0.49953 99
1789213471869 0.4997957088761732 100
