1789194416234 0.00333 0
1789194660736 0.01771 1
1789194867556 0.01388 2
1789195067460 0.05753 3
1789195261367 0.1072 4
1789195452676 0.13669 5
1789195640375 0.17727 6
1789195831698 0.18301 7
1789196021603 0.21263 8
1789196213170 0.20995 9
1789196410181 0.24223 10
1789196608590 0.25164 11
1789196804939 0.24122 12
1789196997466 0.2542 13
1789197187327 0.29264 14
1789197378303 0.29683 15
1789197566883 0.33246 16
1789197753527 0.31845 17
1789197945650 0.30825 18
1789198132973 0.32414 19
1789198325000 0.35311 20
1789198517533 0.39816 21
1789198708325 0.34183 22
1789198897534 0.37279 23
1789199086690 0.38716 24
1789199280455 0.3834 25
1789199469042 0.40675 26
1789199662967 0.37959 27
1789199850147 0.40087 28
1789200045260 0.38714 29
1789200230989 0.39937 30
1789200422416 0.42956 31
1789200613814 0.43743 32
1789200807586 0.43926 33
1789201002284 0.42808 34
1789201199343 0.456 35
1789201396672 0.45499 36
1789201593746 0.45375 37
1789201785168 0.47226 38
1789201972296 0.47545 39
1789202156740 0.46492 40
1789202344340 0.4628 41
1789202535125 0.47365 42
1789202726000 0.47712 43
1789202917745 0.47131 44
1789203111745 0.48145 45
1789203301560 0.50036 46
1789203488939 0.49 47
1789203677865 0.52379 48
1789203873556 0.50403 49
1789204061459 0.52638 50
1789204251384 0.50868 51
1789204448063 0.5242 52
1789204635811 0.50514 53
1789204826062 0.53788 54
1789205014494 0.52028 55
1789205207679 0.55944 56
1789205396559 0.54446 57
1789205590085 0.52947 58
1789205777253 0.54287 59
1789205967283 0.55221 60
1789206159780 0.55531 61
1789206349537 0.56171 62
1789206544499 0.55198 63
1789206734147 0.55914 64
1789206929414 0.57738 65
1789207122560 0.55393 66
1789207316523 0.58049 67
1789207513857 0.57546 68
1789207705736 0.58311 69
1789207894907 0.56187 70
1789208083184 0.5828 71
1789208275494 0.59085 72
1789208465861 0.58251 73
1789208655689 0.58595 74
1789208847471 0.60243 75
1789209041523 0.5993 76
1789209230116 0.59738 77
1789209422266 0.59117 78
1789209608554 0.60635 79
1789209796008 0.60211 80
1789209990303 0.60696 81
1789210179025 0.61137 82
1789210365247 0.60014 83
1789210554164 0.59993 84
1789210753663 0.60136 85
1789210941437 0.60895 86
1789211129486 0.60714 87
1789211323149 0.62011 88
1789211515558 0.6116 89
1789211711916 0.62543 90
1789211908342 0.62758 91
1789212103594 0.62221 92
1789212296404 0.62196 93
1789212486726 0.62685 94
1789212677300 0.62708 95
1789212872719 0.62993 96
1789213061950 0.63519 97
1789213249961 0.63334 98
1789213444681 0.63888 99
1789213471869 0.6387692592943707 100
