1789194416234 0.00744 0
1789194660736 0.07038 1
1789194867556 0.04447 2
1789195067460 0.1433 3
1789195261367 0.21656 4
1789195452676 0.27049 5
1789195640375 0.29861 6
1789195831698 0.30298 7
1789196021603 0.3521 8
1789196213170 0.33121 9
1789196410181 0.37407 10
1789196608590 0.38338 11
1789196804939 0.37149 12
1789196997466 0.41436 13
1789197187327 0.4158 14
1789197378303 0.39745 15
1789197566883 0.45727 16
1789197753527 0.4387 17
1789197945650 0.48311 18
1789198132973 0.507 19
1789198325000 0.51942 20
1789198517533 0.49956 21
1789198708325 0.46325 22
1789198897534 0.51484 23
1789199086690 0.50027 24
1789199280455 0.49513 25
1789199469042 0.50622 26
1789199662967 0.52036 27
1789199850147 0.49377 28
1789200045260 0.52291 29
1789200230989 0.50494 30
1789200422416 0.51144 31
1789200613814 0.53075 32
1789200807586 0.54005 33
1789201002284 0.5351 34
1789201199343 0.58085 35
1789201396672 0.48792 36
1789201593746 0.53247 37
1789201785168 0.54902 38
1789201972296 0.5764 39
1789202156740 0.56404 40
1789202344340 0.49641 41
1789202535125 0.62416 42
1789202726000 0.57133 43
1789202917745 0.57055 44
1789203111745 0.5235 45
1789203301560 0.57607 46
1789203488939 0.61433 47
1789203677865 0.57518 48
1789203873556 0.59071 49
1789204061459 0.60044 50
1789204251384 0.60836 51
1789204448063 0.60158 52
1789204635811 0.60787 53
1789204826062 0.57709 54
1789205014494 0.58238 55
1789205207679 0.62327 56
1789205396559 0.6046 57
1789205590085 0.57817 58
1789205777253 0.59797 59
1789205967283 0.59394 60
1789206159780 0.62747 61
1789206349537 0.61359 62
1789206544499 0.61859 63
1789206734147 0.62285 64
1789206929414 0.61633 65
1789207122560 0.60557 66
1789207316523 0.63096 67
1789207513857 0.64449 68
1789207705736 0.6361 69
1789207894907 0.63113 70
1789208083184 0.6795 71
1789208275494 0.67193 72
1789208465861 0.63226 73
1789208655689 0.67143 74
1789208847471 0.66725 75
1789209041523 0.59866 76
1789209230116 0.65566 77
1789209422266 0.64316 78
1789209608554 0.68139 79
1789209796008 0.65567 80
1789209990303 0.71045 81
1789210179025 0.70521 82
1789210365247 0.6874 83
1789210554164 0.66737 84
1789210753663 0.70868 85
1789210941437 0.63246 86
1789211129486 0.67786 87
1789211323149 0.68282 88
1789211515558 0.62049 89
1789211711916 0.69848 90
1789211908342 0.73852 91
1789212103594 0.69814 92
1789212296404 0.69122 93
1789212486726 0.69341 94
1789212677300 0.67395 95
1789212872719 0.66326 96
1789213061950 0.68558 97
1789213249961 0.67863 98
1789213444681 0.67901 99
1789213471869 0.6809414941823364 100
