1789194416234 0.00516 0
1789194660736 0.05184 1
1789194867556 0.0283 2
1789195067460 0.13504 3
1789195261367 0.19583 4
1789195452676 0.24285 5
1789195640375 0.28172 6
1789195831698 0.31842 7
1789196021603 0.33776 8
1789196213170 0.35542 9
1789196410181 0.37322 10
1789196608590 0.35143 11
1789196804939 0.34542 12
1789196997466 0.37679 13
1789197187327 0.43462 14
1789197378303 0.39588 15
1789197566883 0.43244 16
1789197753527 0.43529 17
1789197945650 0.45639 18
1789198132973 0.48231 19
1789198325000 0.46496 20
1789198517533 0.48933 21
1789198708325 0.46206 22
1789198897534 0.46609 23
1789199086690 0.47621 24
1789199280455 0.48956 25
1789199469042 0.50043 26
1789199662967 0.53123 27
1789199850147 0.44728 28
1789200045260 0.50718 29
1789200230989 0.47555 30
1789200422416 0.45595 31
1789200613814 0.51513 32
1789200807586 0.51731 33
1789201002284 0.48925 34
1789201199343 0.54429 35
1789201396672 0.48699 36
1789201593746 0.49405 37
1789201785168 0.52929 38
1789201972296 0.54436 39
1789202156740 0.53767 40
1789202344340 0.49758 41
1789202535125 0.59836 42
1789202726000 0.54883 43
1789202917745 0.53006 44
1789203111745 0.51024 45
1789203301560 0.50892 46
1789203488939 0.56626 47
1789203677865 0.62554 48
1789203873556 0.55963 49
1789204061459 0.56015 50
1789204251384 0.56083 51
1789204448063 0.58755 52
1789204635811 0.55186 53
1789204826062 0.54641 54
1789205014494 0.55253 55
1789205207679 0.57082 56
1789205396559 0.56166 57
1789205590085 0.55159 58
1789205777253 0.55384 59
1789205967283 0.55944 60
1789206159780 0.57387 61
1789206349537 0.59613 62
1789206544499 0.58938 63
1789206734147 0.5698 64
1789206929414 0.56894 65
1789207122560 0.60706 66
1789207316523 0.59142 67
1789207513857 0.58307 68
1789207705736 0.61656 69
1789207894907 0.59443 70
1789208083184 0.66948 71
1789208275494 0.65038 72
1789208465861 0.59241 73
1789208655689 0.64681 74
1789208847471 0.60407 75
1789209041523 0.64335 76
1789209230116 0.60789 77
1789209422266 0.61397 78
1789209608554 0.63807 79
1789209796008 0.59876 80
1789209990303 0.66243 81
1789210179025 0.66774 82
1789210365247 0.63798 83
1789210554164 0.64963 84
1789210753663 0.67794 85
1789210941437 0.59683 86
1789211129486 0.64273 87
1789211323149 0.65569 88
1789211515558 0.67366 89
1789211711916 0.65188 90
1789211908342 0.69112 91
1789212103594 0.67349 92
1789212296404 0.68161 93
1789212486726 0.67594 94
1789212677300 0.62887 95
1789212872719 0.66169 96
1789213061950 0.65824 97
1789213249961 0.66963 98
1789213444681 0.67897 99
1789213471869 0.6800553267929298 100
