1789194416234 0.15783 0
1789194660736 0.05795 1
1789194867556 0.04316 2
1789195067460 0.09371 3
1789195261367 0.13194 4
1789195452676 0.15166 5
1789195640375 0.19605 6
1789195831698 0.17016 7
1789196021603 0.19482 8
1789196213170 0.20715 9
1789196410181 0.23428 10
1789196608590 0.22441 11
1789196804939 0.23305 12
1789196997466 0.24784 13
1789197187327 0.27374 14
1789197378303 0.25894 15
1789197566883 0.26387 16
1789197753527 0.28607 17
1789197945650 0.24908 18
1789198132973 0.2725 19
1789198325000 0.28237 20
1789198517533 0.30949 21
1789198708325 0.30826 22
1789198897534 0.30949 23
1789199086690 0.30949 24
1789199280455 0.29223 25
1789199469042 0.34525 26
1789199662967 0.30949 27
1789199850147 0.31689 28
1789200045260 0.31689 29
1789200230989 0.34895 30
1789200422416 0.37304 31
1789200613814 0.35018 32
1789200807586 0.35882 33
1789201002284 0.36621 34
1789201199343 0.35388 35
1789201396672 0.37361 36
1789201593746 0.38841 37
1789201785168 0.39334 38
1789201972296 0.37855 39
1789202156740 0.38348 40
1789202344340 0.38955 41
1789202535125 0.35635 42
1789202726000 0.39457 43
1789202917745 0.39581 44
1789203111745 0.40937 45
1789203301560 0.41554 46
1789203488939 0.39601 47
1789203677865 0.39704 48
1789203873556 0.41677 49
1789204061459 0.42787 50
1789204251384 0.40937 51
1789204448063 0.43033 52
1789204635811 0.41302 53
1789204826062 0.45746 54
1789205014494 0.4365 55
1789205207679 0.47349 56
1789205396559 0.45818 57
1789205590085 0.45623 58
1789205777253 0.45376 59
1789205967283 0.48853 60
1789206159780 0.43773 61
1789206349537 0.45006 62
1789206544499 0.44266 63
1789206734147 0.45499 64
1789206929414 0.47102 65
1789207122560 0.44883 66
1789207316523 0.48547 67
1789207513857 0.45499 68
1789207705736 0.45746 69
1789207894907 0.45129 70
1789208083184 0.45869 71
1789208275494 0.45645 72
1789208465861 0.47226 73
1789208655689 0.47349 74
1789208847471 0.48212 75
1789209041523 0.47155 76
1789209230116 0.49199 77
1789209422266 0.47719 78
1789209608554 0.47842 79
1789209796008 0.49938 80
1789209990303 0.48582 81
1789210179025 0.48569 82
1789210365247 0.47472 83
1789210554164 0.4824 84
1789210753663 0.46239 85
1789210941437 0.52404 86
1789211129486 0.50678 87
1789211323149 0.50555 88
1789211515558 0.47853 89
1789211711916 0.49322 90
1789211908342 0.47965 91
1789212103594 0.49342 92
1789212296404 0.49099 93
1789212486726 0.48868 94
1789212677300 0.51608 95
1789212872719 0.50886 96
1789213061950 0.50925 97
1789213249961 0.50801 98
1789213444681 0.50062 99
1789213471869 0.5005897052752787 100
