1789194416234 0.23428 0
1789194660736 0.06042 1
1789194867556 0.06782 2
1789195067460 0.1233 3
1789195261367 0.16276 4
1789195452676 0.16893 5
1789195640375 0.21948 6
1789195831698 0.19852 7
1789196021603 0.24168 8
1789196213170 0.24661 9
1789196410181 0.27413 10
1789196608590 0.27127 11
1789196804939 0.25647 12
1789196997466 0.2762 13
1789197187327 0.31566 14
1789197378303 0.31231 15
1789197566883 0.32059 16
1789197753527 0.33292 17
1789197945650 0.28853 18
1789198132973 0.30053 19
1789198325000 0.31936 20
1789198517533 0.37361 21
1789198708325 0.32552 22
1789198897534 0.35388 23
1789199086690 0.34772 24
1789199280455 0.36252 25
1789199469042 0.38594 26
1789199662967 0.35882 27
1789199850147 0.37115 28
1789200045260 0.3676 29
1789200230989 0.38224 30
1789200422416 0.41176 31
1789200613814 0.40321 32
1789200807586 0.40321 33
1789201002284 0.40307 34
1789201199343 0.39827 35
1789201396672 0.43896 36
1789201593746 0.43157 37
1789201785168 0.4365 38
1789201972296 0.42663 39
1789202156740 0.4328 40
1789202344340 0.46486 41
1789202535125 0.39211 42
1789202726000 0.43033 43
1789202917745 0.42756 44
1789203111745 0.45746 45
1789203301560 0.46486 46
1789203488939 0.43014 47
1789203677865 0.47349 48
1789203873556 0.46609 49
1789204061459 0.46363 50
1789204251384 0.45129 51
1789204448063 0.48952 52
1789204635811 0.45683 53
1789204826062 0.49469 54
1789205014494 0.48335 55
1789205207679 0.51665 56
1789205396559 0.50555 57
1789205590085 0.50702 58
1789205777253 0.50678 59
1789205967283 0.52158 60
1789206159780 0.49637 61
1789206349537 0.52528 62
1789206544499 0.51295 63
1789206734147 0.50678 64
1789206929414 0.52774 65
1789207122560 0.50545 66
1789207316523 0.52774 67
1789207513857 0.51418 68
1789207705736 0.52808 69
1789207894907 0.49445 70
1789208083184 0.49568 71
1789208275494 0.51541 72
1789208465861 0.52404 73
1789208655689 0.51911 74
1789208847471 0.53268 75
1789209041523 0.56283 76
1789209230116 0.53295 77
1789209422266 0.52774 78
1789209608554 0.5195 79
1789209796008 0.5524 80
1789209990303 0.52947 81
1789210179025 0.52035 82
1789210365247 0.52898 83
1789210554164 0.53637 84
1789210753663 0.49494 85
1789210941437 0.56227 86
1789211129486 0.53189 87
1789211323149 0.54994 88
1789211515558 0.5709 89
1789211711916 0.53637 90
1789211908342 0.53021 91
1789212103594 0.53514 92
1789212296404 0.54377 93
1789212486726 0.54747 94
1789212677300 0.55307 95
1789212872719 0.5683 96
1789213061950 0.56227 97
1789213249961 0.56762 98
1789213444681 0.58166 99
1789213471869 0.5807644882860666 100
