1789194379009 0.0006652719665271968 0
1789194636578 0.0013187524407252441 1
1789194847913 0.0019590329149232915 2
1789195048296 0.0019406 3
1789195243008 0.0019207999999999999 4
1789195434189 0.0019010000000000001 5
1789195622189 0.0018812 6
1789195813798 0.0018614 7
1789196003009 0.0018416 8
1789196193837 0.0018218000000000002 9
1789196390826 0.001802 10
1789196589585 0.0017822 11
1789196784910 0.0017624 12
1789196979711 0.0017426 13
1789197166470 0.0017228 14
1789197359981 0.001703 15
1789197548444 0.0016832000000000001 16
1789197734908 0.0016634 17
1789197927488 0.0016436000000000003 18
1789198115067 0.0016238000000000001 19
1789198306559 0.0016040000000000002 20
1789198497478 0.0015842 21
1789198690591 0.0015644 22
1789198878580 0.0015446 23
1789199067953 0.0015248 24
1789199262241 0.0015049999999999998 25
1789199450661 0.0014852 26
1789199643963 0.0014654000000000002 27
1789199831576 0.0014456 28
1789200027470 0.0014258 29
1789200213684 0.001406 30
1789200404728 0.0013862 31
1789200594901 0.0013663999999999998 32
1789200789473 0.0013465999999999999 33
1789200982350 0.0013267999999999997 34
1789201177406 0.001307 35
1789201378070 0.0012872 36
1789201575352 0.0012674000000000001 37
1789201767098 0.0012476 38
1789201954946 0.0012278 39
1789202138960 0.001208 40
1789202322817 0.0011882000000000002 41
1789202516729 0.0011684000000000002 42
1789202707661 0.0011486 43
1789202897047 0.0011288000000000001 44
1789203094004 0.001109 45
1789203283538 0.0010892000000000002 46
1789203470620 0.0010694 47
1789203658771 0.0010496000000000001 48
1789203855343 0.0010298 49
1789204042949 0.00101 50
1789204232924 0.0009901999999999999 51
1789204430052 0.0009704 52
1789204617861 0.0009506 53
1789204807993 0.0009308 54
1789204996256 0.0009109999999999999 55
1789205189721 0.0008911999999999999 56
1789205378303 0.0008714 57
1789205571938 0.0008516000000000001 58
1789205758930 0.0008318000000000002 59
1789205948772 0.0008120000000000001 60
1789206141647 0.0007922000000000001 61
1789206331136 0.0007724 62
1789206525997 0.0007526000000000001 63
1789206714699 0.0007328 64
1789206911172 0.000713 65
1789207103745 0.0006931999999999999 66
1789207296805 0.0006733999999999999 67
1789207492854 0.0006536 68
1789207687808 0.0006338000000000001 69
1789207876626 0.0006140000000000001 70
1789208064677 0.0005942 71
1789208257587 0.0005744000000000001 72
1789208447784 0.0005546000000000001 73
1789208637526 0.0005348000000000001 74
1789208828458 0.000515 75
1789209022939 0.0004952 76
1789209212467 0.0004754 77
1789209404748 0.00045559999999999996 78
1789209590394 0.00043579999999999997 79
1789209777886 0.0004159999999999999 80
1789209970270 0.00039619999999999987 81
1789210159885 0.00037640000000000015 82
1789210348143 0.0003566000000000001 83
1789210536602 0.0003368000000000001 84
1789210729937 0.00031700000000000006 85
1789210923083 0.0002972 86
1789211111621 0.0002774 87
1789211303968 0.00025760000000000003 88
1789211497490 0.00023779999999999995 89
1789211691919 0.00021799999999999996 90
1789211890944 0.00019819999999999994 91
1789212084939 0.00017839999999999992 92
1789212277974 0.00015859999999999987 93
1789212469348 0.0001388000000000001 94
1789212659521 0.0001190000000000001 95
1789212853479 9.920000000000008e-05 96
1789213046046 7.940000000000006e-05 97
1789213232493 5.9600000000000046e-05 98
1789213424544 3.980000000000002e-05 99
