1789214529111 0.04063 0
1789214730818 0.06721 1
1789214932970 0.10358 2
1789215149386 0.16489 3
1789215351365 0.19243 4
1789215551716 0.17199 5
1789215744265 0.16572 6
1789215941552 0.25316 7
1789216136635 0.28546 8
1789216337110 0.29123 9
1789216529164 0.33741 10
1789216723867 0.34282 11
1789216929897 0.38971 12
1789217142109 0.33933 13
1789217340792 0.373 14
1789217539320 0.42089 15
1789217735054 0.43525 16
1789217931858 0.40649 17
1789218132696 0.43568 18
1789218329535 0.429 19
1789218527279 0.41647 20
1789218718559 0.4542 21
1789218913755 0.43647 22
1789219108521 0.48169 23
1789219306279 0.50693 24
1789219501203 0.48651 25
1789219694729 0.50877 26
1789219889777 0.50167 27
1789220086622 0.50305 28
1789220287355 0.46442 29
1789220482228 0.50373 30
1789220679358 0.51993 31
1789220871260 0.53632 32
1789221063787 0.52469 33
1789221257929 0.53111 34
1789221454818 0.55573 35
1789221651760 0.5322 36
1789221844543 0.53017 37
1789222035820 0.52754 38
1789222228571 0.52364 39
1789222429737 0.56642 40
1789222621830 0.5344 41
1789222804657 0.56657 42
1789222984230 0.55955 43
1789223164054 0.56623 44
1789223341615 0.5717 45
1789223527133 0.57656 46
1789223708461 0.57224 47
1789223892290 0.59678 48
1789224071375 0.58284 49
1789224251554 0.59896 50
1789224434695 0.59154 51
1789224618100 0.59143 52
1789224799860 0.60009 53
1789224979687 0.60123 54
1789225165305 0.59817 55
1789225344642 0.61208 56
1789225523955 0.61345 57
1789225702511 0.61089 58
1789225886070 0.60097 59
1789226065677 0.62608 60
1789226248369 0.63431 61
1789226426526 0.61744 62
1789226609287 0.6238 63
1789226786908 0.62428 64
1789226969731 0.63626 65
1789227150803 0.6363 66
1789227333970 0.62253 67
1789227513512 0.61466 68
1789227693842 0.61805 69
1789227874184 0.64485 70
1789228059667 0.64683 71
1789228239221 0.63427 72
1789228422770 0.63978 73
1789228605664 0.64555 74
1789228788900 0.64952 75
1789228973468 0.64964 76
1789229160856 0.64067 77
1789229340541 0.66348 78
1789229524163 0.65399 79
1789229703030 0.65634 80
1789229882446 0.6513 81
1789230063848 0.67408 82
1789230248852 0.68363 83
1789230431930 0.67051 84
1789230615368 0.65398 85
1789230793473 0.6705 86
1789230972255 0.66645 87
1789231156168 0.69041 88
1789231341891 0.65277 89
1789231522396 0.68274 90
1789231703283 0.67833 91
1789231888327 0.66957 92
1789232069325 0.67399 93
1789232252880 0.68266 94
1789232431614 0.69294 95
1789232610035 0.68531 96
1789232790279 0.68218 97
1789232975354 0.68456 98
1789233155812 0.68011 99
1789233336052 0.6833 100
1789233517320 0.68255 101
1789233704755 0.6956 102
1789233884257 0.68926 103
1789234067924 0.67889 104
1789234247701 0.67867 105
1789234429991 0.67687 106
1789234608876 0.68631 107
1789234788383 0.68987 108
1789234970840 0.67295 109
1789235153443 0.69221 110
1789235335206 0.68278 111
1789235516903 0.69143 112
1789235697059 0.68328 113
1789235879728 0.69782 114
1789236058925 0.69076 115
1789236241933 0.70043 116
1789236420845 0.69347 117
1789236600578 0.69803 118
1789236782593 0.70017 119
1789236963560 0.7006 120
1789237146056 0.70044 121
1789237327368 0.68688 122
1789237506136 0.70091 123
1789237684864 0.68485 124
1789237870253 0.6929 125
1789238049164 0.67841 126
1789238231463 0.68994 127
1789238410917 0.69071 128
1789238594965 0.68469 129
1789238775636 0.70215 130
1789238958114 0.70345 131
1789239138625 0.69904 132
1789239321297 0.70558 133
1789239507441 0.69735 134
1789239693498 0.6971 135
1789239876925 0.70499 136
1789240058546 0.70627 137
1789240241534 0.70658 138
1789240426078 0.70303 139
1789240608024 0.69929 140
1789240789765 0.70526 141
1789240968492 0.69466 142
1789241147673 0.70598 143
1789241329739 0.70316 144
1789241512883 0.71652 145
1789241692603 0.71312 146
1789241873181 0.69989 147
1789242057053 0.70414 148
1789242238328 0.71114 149
1789242419328 0.70349 150
1789242600310 0.70359 151
1789242784813 0.70537 152
1789242970528 0.71053 153
1789243150591 0.71873 154
1789243333853 0.71316 155
1789243518592 0.71598 156
1789243699136 0.70883 157
1789243879713 0.70331 158
1789244064867 0.71284 159
1789244245303 0.71374 160
1789244426413 0.71259 161
1789244609025 0.70912 162
1789244793353 0.70134 163
1789244972910 0.71002 164
1789245156071 0.71056 165
1789245339808 0.71326 166
1789245523323 0.71241 167
1789245703803 0.71072 168
1789245886321 0.70719 169
1789246067264 0.71228 170
1789246248274 0.7064 171
1789246430313 0.70852 172
1789246612424 0.71386 173
1789246797575 0.70713 174
1789246980541 0.71016 175
1789247164977 0.70977 176
1789247346274 0.71105 177
1789247526742 0.7163 178
1789247708828 0.70962 179
1789247889083 0.70981 180
1789248069796 0.70765 181
1789248252049 0.71108 182
1789248435125 0.70638 183
1789248620217 0.70831 184
1789248800766 0.71033 185
1789248982521 0.71009 186
1789249162627 0.70638 187
1789249343410 0.71079 188
1789249523987 0.7115 189
1789249745448 0.71206 190
1789249928134 0.70688 191
1789250107510 0.71045 192
1789250288147 0.71201 193
1789250475552 0.70646 194
1789250657678 0.70627 195
1789250842967 0.70364 196
1789251022882 0.70289 197
1789251206783 0.70375 198
1789251386567 0.70312 199
1789251404758 0.7106041747680087 200
