1789214529111 0.01779 0
1789214730818 0.02822 1
1789214932970 0.05784 2
1789215149386 0.09338 3
1789215351365 0.12552 4
1789215551716 0.11079 5
1789215744265 0.11989 6
1789215941552 0.17033 7
1789216136635 0.21527 8
1789216337110 0.22297 9
1789216529164 0.24134 10
1789216723867 0.24841 11
1789216929897 0.30053 12
1789217142109 0.25187 13
1789217340792 0.28564 14
1789217539320 0.31681 15
1789217735054 0.33908 16
1789217931858 0.31781 17
1789218132696 0.34463 18
1789218329535 0.33042 19
1789218527279 0.33571 20
1789218718559 0.35647 21
1789218913755 0.3559 22
1789219108521 0.38411 23
1789219306279 0.40286 24
1789219501203 0.38023 25
1789219694729 0.40492 26
1789219889777 0.40929 27
1789220086622 0.40916 28
1789220287355 0.37345 29
1789220482228 0.41296 30
1789220679358 0.42222 31
1789220871260 0.43024 32
1789221063787 0.42958 33
1789221257929 0.43832 34
1789221454818 0.4467 35
1789221651760 0.4362 36
1789221844543 0.43684 37
1789222035820 0.42713 38
1789222228571 0.44424 39
1789222429737 0.47317 40
1789222621830 0.44225 41
1789222804657 0.47733 42
1789222984230 0.46692 43
1789223164054 0.46638 44
1789223341615 0.47819 45
1789223527133 0.48682 46
1789223708461 0.48273 47
1789223892290 0.48005 48
1789224071375 0.48304 49
1789224251554 0.49188 50
1789224434695 0.49911 51
1789224618100 0.5007 52
1789224799860 0.50699 53
1789224979687 0.50626 54
1789225165305 0.50417 55
1789225344642 0.5149 56
1789225523955 0.51706 57
1789225702511 0.52194 58
1789225886070 0.5194 59
1789226065677 0.51648 60
1789226248369 0.53685 61
1789226426526 0.52984 62
1789226609287 0.5372 63
1789226786908 0.52863 64
1789226969731 0.53803 65
1789227150803 0.53624 66
1789227333970 0.52882 67
1789227513512 0.52622 68
1789227693842 0.53509 69
1789227874184 0.54277 70
1789228059667 0.55041 71
1789228239221 0.53824 72
1789228422770 0.5504 73
1789228605664 0.55201 74
1789228788900 0.55653 75
1789228973468 0.55894 76
1789229160856 0.55209 77
1789229340541 0.57276 78
1789229524163 0.56289 79
1789229703030 0.56749 80
1789229882446 0.56334 81
1789230063848 0.57724 82
1789230248852 0.58189 83
1789230431930 0.57263 84
1789230615368 0.56589 85
1789230793473 0.57772 86
1789230972255 0.5758 87
1789231156168 0.59048 88
1789231341891 0.56526 89
1789231522396 0.57752 90
1789231703283 0.58588 91
1789231888327 0.57882 92
1789232069325 0.58873 93
1789232252880 0.59578 94
1789232431614 0.60548 95
1789232610035 0.59064 96
1789232790279 0.59892 97
1789232975354 0.59614 98
1789233155812 0.59129 99
1789233336052 0.59444 100
1789233517320 0.5899 101
1789233704755 0.60353 102
1789233884257 0.60524 103
1789234067924 0.59933 104
1789234247701 0.60246 105
1789234429991 0.59638 106
1789234608876 0.60646 107
1789234788383 0.60157 108
1789234970840 0.5992 109
1789235153443 0.60544 110
1789235335206 0.60531 111
1789235516903 0.60942 112
1789235697059 0.59961 113
1789235879728 0.61409 114
1789236058925 0.60344 115
1789236241933 0.6107 116
1789236420845 0.61182 117
1789236600578 0.62253 118
1789236782593 0.61903 119
1789236963560 0.61314 120
1789237146056 0.61994 121
1789237327368 0.6156 122
1789237506136 0.619 123
1789237684864 0.61399 124
1789237870253 0.61626 125
1789238049164 0.60197 126
1789238231463 0.61518 127
1789238410917 0.61899 128
1789238594965 0.61231 129
1789238775636 0.62265 130
1789238958114 0.61832 131
1789239138625 0.62075 132
1789239321297 0.62613 133
1789239507441 0.6189 134
1789239693498 0.6189 135
1789239876925 0.6217 136
1789240058546 0.62942 137
1789240241534 0.62378 138
1789240426078 0.62747 139
1789240608024 0.62559 140
1789240789765 0.62518 141
1789240968492 0.62246 142
1789241147673 0.62583 143
1789241329739 0.62664 144
1789241512883 0.63705 145
1789241692603 0.63272 146
1789241873181 0.62279 147
1789242057053 0.63061 148
1789242238328 0.63504 149
1789242419328 0.63249 150
1789242600310 0.62942 151
1789242784813 0.63421 152
1789242970528 0.63836 153
1789243150591 0.6409 154
1789243333853 0.63367 155
1789243518592 0.63555 156
1789243699136 0.63836 157
1789243879713 0.63297 158
1789244064867 0.63622 159
1789244245303 0.63706 160
1789244426413 0.63993 161
1789244609025 0.6328 162
1789244793353 0.63585 163
1789244972910 0.63852 164
1789245156071 0.63837 165
1789245339808 0.63774 166
1789245523323 0.63859 167
1789245703803 0.6367 168
1789245886321 0.63489 169
1789246067264 0.64142 170
1789246248274 0.63663 171
1789246430313 0.63841 172
1789246612424 0.63849 173
1789246797575 0.63874 174
1789246980541 0.6415 175
1789247164977 0.64016 176
1789247346274 0.64002 177
1789247526742 0.64069 178
1789247708828 0.63771 179
1789247889083 0.63856 180
1789248069796 0.63702 181
1789248252049 0.63618 182
1789248435125 0.63567 183
1789248620217 0.63591 184
1789248800766 0.6389 185
1789248982521 0.63983 186
1789249162627 0.6396 187
1789249343410 0.64163 188
1789249523987 0.64183 189
1789249745448 0.63817 190
1789249928134 0.63613 191
1789250107510 0.63816 192
1789250288147 0.6385 193
1789250475552 0.63719 194
1789250657678 0.63698 195
1789250842967 0.63701 196
1789251022882 0.63463 197
1789251206783 0.63525 198
1789251386567 0.63557 199
1789251404758 0.641117957366365 200
