1789214529111 0.01678 0
1789214730818 0.02791 1
1789214932970 0.04997 2
1789215149386 0.08901 3
1789215351365 0.11555 4
1789215551716 0.0993 5
1789215744265 0.09974 6
1789215941552 0.15274 7
1789216136635 0.18747 8
1789216337110 0.20065 9
1789216529164 0.21932 10
1789216723867 0.22258 11
1789216929897 0.25875 12
1789217142109 0.22577 13
1789217340792 0.2462 14
1789217539320 0.28039 15
1789217735054 0.29797 16
1789217931858 0.27559 17
1789218132696 0.30132 18
1789218329535 0.28861 19
1789218527279 0.28843 20
1789218718559 0.30835 21
1789218913755 0.30066 22
1789219108521 0.32751 23
1789219306279 0.3457 24
1789219501203 0.32334 25
1789219694729 0.3594 26
1789219889777 0.34555 27
1789220086622 0.34706 28
1789220287355 0.31552 29
1789220482228 0.35354 30
1789220679358 0.35944 31
1789220871260 0.36527 32
1789221063787 0.37236 33
1789221257929 0.367 34
1789221454818 0.38377 35
1789221651760 0.3726 36
1789221844543 0.36358 37
1789222035820 0.35892 38
1789222228571 0.35895 39
1789222429737 0.39804 40
1789222621830 0.36511 41
1789222804657 0.40241 42
1789222984230 0.3981 43
1789223164054 0.40373 44
1789223341615 0.41131 45
1789223527133 0.40502 46
1789223708461 0.40077 47
1789223892290 0.41519 48
1789224071375 0.41898 49
1789224251554 0.4262 50
1789224434695 0.42314 51
1789224618100 0.4339 52
1789224799860 0.42967 53
1789224979687 0.44001 54
1789225165305 0.43358 55
1789225344642 0.43945 56
1789225523955 0.44245 57
1789225702511 0.43597 58
1789225886070 0.44484 59
1789226065677 0.44789 60
1789226248369 0.45928 61
1789226426526 0.4544 62
1789226609287 0.44747 63
1789226786908 0.45522 64
1789226969731 0.46768 65
1789227150803 0.45858 66
1789227333970 0.44213 67
1789227513512 0.45104 68
1789227693842 0.45218 69
1789227874184 0.46751 70
1789228059667 0.46695 71
1789228239221 0.46027 72
1789228422770 0.47296 73
1789228605664 0.47361 74
1789228788900 0.47903 75
1789228973468 0.47689 76
1789229160856 0.46937 77
1789229340541 0.49098 78
1789229524163 0.4846 79
1789229703030 0.49087 80
1789229882446 0.47715 81
1789230063848 0.49669 82
1789230248852 0.50217 83
1789230431930 0.49105 84
1789230615368 0.48356 85
1789230793473 0.49623 86
1789230972255 0.48871 87
1789231156168 0.50532 88
1789231341891 0.48888 89
1789231522396 0.50486 90
1789231703283 0.51172 91
1789231888327 0.49436 92
1789232069325 0.50699 93
1789232252880 0.50665 94
1789232431614 0.52015 95
1789232610035 0.51339 96
1789232790279 0.51482 97
1789232975354 0.51005 98
1789233155812 0.516 99
1789233336052 0.51675 100
1789233517320 0.51501 101
1789233704755 0.51899 102
1789233884257 0.51944 103
1789234067924 0.51686 104
1789234247701 0.51161 105
1789234429991 0.51218 106
1789234608876 0.52249 107
1789234788383 0.51638 108
1789234970840 0.51537 109
1789235153443 0.52923 110
1789235335206 0.5208 111
1789235516903 0.5287 112
1789235697059 0.51889 113
1789235879728 0.52932 114
1789236058925 0.52768 115
1789236241933 0.53155 116
1789236420845 0.53325 117
1789236600578 0.54051 118
1789236782593 0.54059 119
1789236963560 0.53223 120
1789237146056 0.53897 121
1789237327368 0.5269 122
1789237506136 0.5419 123
1789237684864 0.53496 124
1789237870253 0.5383 125
1789238049164 0.51997 126
1789238231463 0.52647 127
1789238410917 0.53192 128
1789238594965 0.52639 129
1789238775636 0.53793 130
1789238958114 0.53807 131
1789239138625 0.53893 132
1789239321297 0.53757 133
1789239507441 0.53983 134
1789239693498 0.53693 135
1789239876925 0.53954 136
1789240058546 0.54358 137
1789240241534 0.54504 138
1789240426078 0.54701 139
1789240608024 0.54443 140
1789240789765 0.54303 141
1789240968492 0.54175 142
1789241147673 0.54316 143
1789241329739 0.54529 144
1789241512883 0.5512 145
1789241692603 0.54881 146
1789241873181 0.54224 147
1789242057053 0.54962 148
1789242238328 0.55442 149
1789242419328 0.54896 150
1789242600310 0.54273 151
1789242784813 0.54908 152
1789242970528 0.55567 153
1789243150591 0.55506 154
1789243333853 0.55198 155
1789243518592 0.5554 156
1789243699136 0.55188 157
1789243879713 0.55067 158
1789244064867 0.55406 159
1789244245303 0.55522 160
1789244426413 0.55618 161
1789244609025 0.55158 162
1789244793353 0.54846 163
1789244972910 0.55088 164
1789245156071 0.55632 165
1789245339808 0.55547 166
1789245523323 0.55732 167
1789245703803 0.55512 168
1789245886321 0.55485 169
1789246067264 0.55801 170
1789246248274 0.55407 171
1789246430313 0.55617 172
1789246612424 0.55681 173
1789246797575 0.55495 174
1789246980541 0.55648 175
1789247164977 0.55422 176
1789247346274 0.55442 177
1789247526742 0.5573 178
1789247708828 0.55559 179
1789247889083 0.55469 180
1789248069796 0.55271 181
1789248252049 0.55328 182
1789248435125 0.55382 183
1789248620217 0.55522 184
1789248800766 0.55755 185
1789248982521 0.55779 186
1789249162627 0.55773 187
1789249343410 0.56024 188
1789249523987 0.55997 189
1789249745448 0.55881 190
1789249928134 0.55578 191
1789250107510 0.5575 192
1789250288147 0.55696 193
1789250475552 0.55425 194
1789250657678 0.55461 195
1789250842967 0.5532 196
1789251022882 0.55239 197
1789251206783 0.55364 198
1789251386567 0.55355 199
1789251404758 0.5596244116836803 200
