1789214529111 0.05164 0
1789214730818 0.07361 1
1789214932970 0.13092 2
1789215149386 0.19072 3
1789215351365 0.22221 4
1789215551716 0.20703 5
1789215744265 0.22098 6
1789215941552 0.29511 7
1789216136635 0.34428 8
1789216337110 0.35659 9
1789216529164 0.38219 10
1789216723867 0.38566 11
1789216929897 0.45977 12
1789217142109 0.39551 13
1789217340792 0.42988 14
1789217539320 0.4804 15
1789217735054 0.4885 16
1789217931858 0.47267 17
1789218132696 0.50064 18
1789218329535 0.49035 19
1789218527279 0.48656 20
1789218718559 0.51574 21
1789218913755 0.50246 22
1789219108521 0.5452 23
1789219306279 0.5741 24
1789219501203 0.54328 25
1789219694729 0.56933 26
1789219889777 0.58009 27
1789220086622 0.57036 28
1789220287355 0.53177 29
1789220482228 0.57201 30
1789220679358 0.58794 31
1789220871260 0.5924 32
1789221063787 0.58858 33
1789221257929 0.60253 34
1789221454818 0.6099 35
1789221651760 0.59986 36
1789221844543 0.59974 37
1789222035820 0.58379 38
1789222228571 0.59944 39
1789222429737 0.63006 40
1789222621830 0.61056 41
1789222804657 0.63403 42
1789222984230 0.61983 43
1789223164054 0.62414 44
1789223341615 0.6393 45
1789223527133 0.64842 46
1789223708461 0.64295 47
1789223892290 0.6434 48
1789224071375 0.63952 49
1789224251554 0.64558 50
1789224434695 0.65633 51
1789224618100 0.65799 52
1789224799860 0.65246 53
1789224979687 0.66682 54
1789225165305 0.65953 55
1789225344642 0.6753 56
1789225523955 0.67392 57
1789225702511 0.68033 58
1789225886070 0.66293 59
1789226065677 0.68015 60
1789226248369 0.68919 61
1789226426526 0.68421 62
1789226609287 0.68555 63
1789226786908 0.68549 64
1789226969731 0.69897 65
1789227150803 0.68342 66
1789227333970 0.68061 67
1789227513512 0.67937 68
1789227693842 0.68386 69
1789227874184 0.69486 70
1789228059667 0.70395 71
1789228239221 0.69075 72
1789228422770 0.70315 73
1789228605664 0.70145 74
1789228788900 0.71442 75
1789228973468 0.71568 76
1789229160856 0.70411 77
1789229340541 0.72137 78
1789229524163 0.7177 79
1789229703030 0.71697 80
1789229882446 0.72638 81
1789230063848 0.73054 82
1789230248852 0.73728 83
1789230431930 0.72779 84
1789230615368 0.70792 85
1789230793473 0.715 86
1789230972255 0.72362 87
1789231156168 0.7395 88
1789231341891 0.71298 89
1789231522396 0.73399 90
1789231703283 0.73031 91
1789231888327 0.72754 92
1789232069325 0.73113 93
1789232252880 0.74268 94
1789232431614 0.7465 95
1789232610035 0.73473 96
1789232790279 0.73628 97
1789232975354 0.73536 98
1789233155812 0.73505 99
1789233336052 0.7386 100
1789233517320 0.73063 101
1789233704755 0.74529 102
1789233884257 0.74646 103
1789234067924 0.74305 104
1789234247701 0.7433 105
1789234429991 0.7331 106
1789234608876 0.73846 107
1789234788383 0.74009 108
1789234970840 0.72992 109
1789235153443 0.73896 110
1789235335206 0.7414 111
1789235516903 0.74925 112
1789235697059 0.73838 113
1789235879728 0.75521 114
1789236058925 0.74057 115
1789236241933 0.74741 116
1789236420845 0.74417 117
1789236600578 0.75517 118
1789236782593 0.75588 119
1789236963560 0.75042 120
1789237146056 0.75261 121
1789237327368 0.74938 122
1789237506136 0.74919 123
1789237684864 0.74149 124
1789237870253 0.74244 125
1789238049164 0.72773 126
1789238231463 0.74816 127
1789238410917 0.75568 128
1789238594965 0.74904 129
1789238775636 0.75654 130
1789238958114 0.74549 131
1789239138625 0.75454 132
1789239321297 0.76187 133
1789239507441 0.75181 134
1789239693498 0.75205 135
1789239876925 0.75483 136
1789240058546 0.76182 137
1789240241534 0.75744 138
1789240426078 0.76015 139
1789240608024 0.75089 140
1789240789765 0.75476 141
1789240968492 0.75552 142
1789241147673 0.75539 143
1789241329739 0.75419 144
1789241512883 0.76618 145
1789241692603 0.75983 146
1789241873181 0.75488 147
1789242057053 0.75634 148
1789242238328 0.76175 149
1789242419328 0.75451 150
1789242600310 0.75772 151
1789242784813 0.76146 152
1789242970528 0.76475 153
1789243150591 0.76867 154
1789243333853 0.7642 155
1789243518592 0.76504 156
1789243699136 0.76341 157
1789243879713 0.75663 158
1789244064867 0.75954 159
1789244245303 0.76801 160
1789244426413 0.7664 161
1789244609025 0.76488 162
1789244793353 0.76203 163
1789244972910 0.76313 164
1789245156071 0.76161 165
1789245339808 0.76062 166
1789245523323 0.76231 167
1789245703803 0.76204 168
1789245886321 0.75907 169
1789246067264 0.76551 170
1789246248274 0.76644 171
1789246430313 0.76342 172
1789246612424 0.76232 173
1789246797575 0.76076 174
1789246980541 0.76502 175
1789247164977 0.76437 176
1789247346274 0.76484 177
1789247526742 0.76613 178
1789247708828 0.76223 179
1789247889083 0.76187 180
1789248069796 0.75865 181
1789248252049 0.76328 182
1789248435125 0.76056 183
1789248620217 0.761 184
1789248800766 0.76169 185
1789248982521 0.76406 186
1789249162627 0.76337 187
1789249343410 0.76517 188
1789249523987 0.76494 189
1789249745448 0.76132 190
1789249928134 0.75933 191
1789250107510 0.76019 192
1789250288147 0.76328 193
1789250475552 0.75872 194
1789250657678 0.76141 195
1789250842967 0.76051 196
1789251022882 0.75584 197
1789251206783 0.75816 198
1789251386567 0.75703 199
1789251404758 0.76492047434532 200
