1789214529111 0.09423 0
1789214730818 0.16038 1
1789214932970 0.2031 2
1789215149386 0.33906 3
1789215351365 0.35082 4
1789215551716 0.27891 5
1789215744265 0.33252 6
1789215941552 0.41516 7
1789216136635 0.41561 8
1789216337110 0.49196 9
1789216529164 0.46677 10
1789216723867 0.45619 11
1789216929897 0.53134 12
1789217142109 0.48349 13
1789217340792 0.52867 14
1789217539320 0.55547 15
1789217735054 0.60132 16
1789217931858 0.57255 17
1789218132696 0.56804 18
1789218329535 0.56743 19
1789218527279 0.53493 20
1789218718559 0.57154 21
1789218913755 0.51162 22
1789219108521 0.5838 23
1789219306279 0.61866 24
1789219501203 0.58331 25
1789219694729 0.65 26
1789219889777 0.62112 27
1789220086622 0.60677 28
1789220287355 0.57677 29
1789220482228 0.58569 30
1789220679358 0.63343 31
1789220871260 0.68039 32
1789221063787 0.64556 33
1789221257929 0.6158 34
1789221454818 0.64665 35
1789221651760 0.6149 36
1789221844543 0.58664 37
1789222035820 0.62637 38
1789222228571 0.63499 39
1789222429737 0.65762 40
1789222621830 0.69205 41
1789222804657 0.66322 42
1789222984230 0.68042 43
1789223164054 0.66217 44
1789223341615 0.71268 45
1789223527133 0.64528 46
1789223708461 0.65685 47
1789223892290 0.66889 48
1789224071375 0.68691 49
1789224251554 0.72247 50
1789224434695 0.68628 51
1789224618100 0.6452 52
1789224799860 0.65661 53
1789224979687 0.70015 54
1789225165305 0.68777 55
1789225344642 0.7094 56
1789225523955 0.68741 57
1789225702511 0.71895 58
1789225886070 0.65967 59
1789226065677 0.70778 60
1789226248369 0.72288 61
1789226426526 0.74183 62
1789226609287 0.7273 63
1789226786908 0.72413 64
1789226969731 0.72251 65
1789227150803 0.71296 66
1789227333970 0.73968 67
1789227513512 0.72915 68
1789227693842 0.70073 69
1789227874184 0.75402 70
1789228059667 0.73517 71
1789228239221 0.68483 72
1789228422770 0.71263 73
1789228605664 0.73402 74
1789228788900 0.75866 75
1789228973468 0.73123 76
1789229160856 0.71674 77
1789229340541 0.73222 78
1789229524163 0.7229 79
1789229703030 0.75623 80
1789229882446 0.75986 81
1789230063848 0.7424 82
1789230248852 0.73125 83
1789230431930 0.76042 84
1789230615368 0.79151 85
1789230793473 0.73673 86
1789230972255 0.76842 87
1789231156168 0.76282 88
1789231341891 0.74517 89
1789231522396 0.791 90
1789231703283 0.72885 91
1789231888327 0.77558 92
1789232069325 0.75839 93
1789232252880 0.80091 94
1789232431614 0.76473 95
1789232610035 0.77668 96
1789232790279 0.80068 97
1789232975354 0.79301 98
1789233155812 0.77504 99
1789233336052 0.75697 100
1789233517320 0.76858 101
1789233704755 0.75054 102
1789233884257 0.74661 103
1789234067924 0.74695 104
1789234247701 0.77432 105
1789234429991 0.81662 106
1789234608876 0.78938 107
1789234788383 0.80717 108
1789234970840 0.78041 109
1789235153443 0.77838 110
1789235335206 0.77917 111
1789235516903 0.77379 112
1789235697059 0.81433 113
1789235879728 0.76653 114
1789236058925 0.75436 115
1789236241933 0.77626 116
1789236420845 0.78239 117
1789236600578 0.77836 118
1789236782593 0.79913 119
1789236963560 0.79858 120
1789237146056 0.78211 121
1789237327368 0.78574 122
1789237506136 0.80472 123
1789237684864 0.78701 124
1789237870253 0.79115 125
1789238049164 0.81527 126
1789238231463 0.79191 127
1789238410917 0.79866 128
1789238594965 0.82343 129
1789238775636 0.81217 130
1789238958114 0.79658 131
1789239138625 0.82581 132
1789239321297 0.81669 133
1789239507441 0.80347 134
1789239693498 0.7493 135
1789239876925 0.74264 136
1789240058546 0.82564 137
1789240241534 0.81309 138
1789240426078 0.82133 139
1789240608024 0.81509 140
1789240789765 0.80504 141
1789240968492 0.78599 142
1789241147673 0.79327 143
1789241329739 0.7672 144
1789241512883 0.78759 145
1789241692603 0.7767 146
1789241873181 0.81864 147
1789242057053 0.78308 148
1789242238328 0.8392 149
1789242419328 0.8195 150
1789242600310 0.79459 151
1789242784813 0.82118 152
1789242970528 0.80524 153
1789243150591 0.81294 154
1789243333853 0.83642 155
1789243518592 0.83218 156
1789243699136 0.83699 157
1789243879713 0.80783 158
1789244064867 0.81936 159
1789244245303 0.82101 160
1789244426413 0.83433 161
1789244609025 0.84695 162
1789244793353 0.8384 163
1789244972910 0.82449 164
1789245156071 0.81574 165
1789245339808 0.82399 166
1789245523323 0.85212 167
1789245703803 0.83915 168
1789245886321 0.84232 169
1789246067264 0.81484 170
1789246248274 0.82156 171
1789246430313 0.81666 172
1789246612424 0.8209 173
1789246797575 0.85586 174
1789246980541 0.8164 175
1789247164977 0.83464 176
1789247346274 0.83615 177
1789247526742 0.84093 178
1789247708828 0.83658 179
1789247889083 0.82941 180
1789248069796 0.83222 181
1789248252049 0.83382 182
1789248435125 0.83246 183
1789248620217 0.84453 184
1789248800766 0.83928 185
1789248982521 0.84307 186
1789249162627 0.83719 187
1789249343410 0.82375 188
1789249523987 0.83609 189
1789249745448 0.82894 190
1789249928134 0.83828 191
1789250107510 0.84188 192
1789250288147 0.83794 193
1789250475552 0.81343 194
1789250657678 0.81108 195
1789250842967 0.79685 196
1789251022882 0.85153 197
1789251206783 0.84101 198
1789251386567 0.83169 199
1789251404758 0.8196032216008902 200
