1789214529111 0.08288 0
1789214730818 0.14931 1
1789214932970 0.1916 2
1789215149386 0.3341 3
1789215351365 0.34213 4
1789215551716 0.33278 5
1789215744265 0.28225 6
1789215941552 0.3891 7
1789216136635 0.50993 8
1789216337110 0.46279 9
1789216529164 0.45822 10
1789216723867 0.475 11
1789216929897 0.50067 12
1789217142109 0.47628 13
1789217340792 0.47939 14
1789217539320 0.49894 15
1789217735054 0.56822 16
1789217931858 0.55501 17
1789218132696 0.53105 18
1789218329535 0.53059 19
1789218527279 0.50905 20
1789218718559 0.53834 21
1789218913755 0.45648 22
1789219108521 0.60096 23
1789219306279 0.58759 24
1789219501203 0.54586 25
1789219694729 0.63125 26
1789219889777 0.62247 27
1789220086622 0.60644 28
1789220287355 0.55151 29
1789220482228 0.54203 30
1789220679358 0.62013 31
1789220871260 0.66566 32
1789221063787 0.61142 33
1789221257929 0.64157 34
1789221454818 0.65339 35
1789221651760 0.61439 36
1789221844543 0.61955 37
1789222035820 0.61156 38
1789222228571 0.61899 39
1789222429737 0.64425 40
1789222621830 0.69482 41
1789222804657 0.64009 42
1789222984230 0.64661 43
1789223164054 0.63471 44
1789223341615 0.70596 45
1789223527133 0.62466 46
1789223708461 0.60781 47
1789223892290 0.68701 48
1789224071375 0.65878 49
1789224251554 0.70513 50
1789224434695 0.63596 51
1789224618100 0.64068 52
1789224799860 0.63672 53
1789224979687 0.67511 54
1789225165305 0.7384 55
1789225344642 0.70769 56
1789225523955 0.69021 57
1789225702511 0.68591 58
1789225886070 0.67891 59
1789226065677 0.67304 60
1789226248369 0.71002 61
1789226426526 0.70302 62
1789226609287 0.68665 63
1789226786908 0.69769 64
1789226969731 0.67191 65
1789227150803 0.69523 66
1789227333970 0.70379 67
1789227513512 0.68071 68
1789227693842 0.65602 69
1789227874184 0.72364 70
1789228059667 0.76429 71
1789228239221 0.68359 72
1789228422770 0.66964 73
1789228605664 0.70907 74
1789228788900 0.71653 75
1789228973468 0.68281 76
1789229160856 0.68236 77
1789229340541 0.69858 78
1789229524163 0.71854 79
1789229703030 0.72977 80
1789229882446 0.70326 81
1789230063848 0.71398 82
1789230248852 0.71244 83
1789230431930 0.75566 84
1789230615368 0.78077 85
1789230793473 0.69781 86
1789230972255 0.73334 87
1789231156168 0.7663 88
1789231341891 0.71722 89
1789231522396 0.77028 90
1789231703283 0.71674 91
1789231888327 0.71493 92
1789232069325 0.73741 93
1789232252880 0.76226 94
1789232431614 0.74643 95
1789232610035 0.71686 96
1789232790279 0.78148 97
1789232975354 0.77501 98
1789233155812 0.75805 99
1789233336052 0.77323 100
1789233517320 0.76131 101
1789233704755 0.76862 102
1789233884257 0.77966 103
1789234067924 0.70059 104
1789234247701 0.72945 105
1789234429991 0.79686 106
1789234608876 0.75888 107
1789234788383 0.7921 108
1789234970840 0.78716 109
1789235153443 0.79377 110
1789235335206 0.77392 111
1789235516903 0.74958 112
1789235697059 0.78242 113
1789235879728 0.76378 114
1789236058925 0.72409 115
1789236241933 0.80231 116
1789236420845 0.78997 117
1789236600578 0.8338 118
1789236782593 0.77387 119
1789236963560 0.79352 120
1789237146056 0.78156 121
1789237327368 0.80851 122
1789237506136 0.79888 123
1789237684864 0.8068 124
1789237870253 0.78547 125
1789238049164 0.79546 126
1789238231463 0.76964 127
1789238410917 0.78815 128
1789238594965 0.81906 129
1789238775636 0.8135 130
1789238958114 0.78335 131
1789239138625 0.78185 132
1789239321297 0.79259 133
1789239507441 0.80071 134
1789239693498 0.7247 135
1789239876925 0.75952 136
1789240058546 0.78821 137
1789240241534 0.81904 138
1789240426078 0.78619 139
1789240608024 0.82385 140
1789240789765 0.79242 141
1789240968492 0.75299 142
1789241147673 0.79176 143
1789241329739 0.82088 144
1789241512883 0.75365 145
1789241692603 0.8181 146
1789241873181 0.79161 147
1789242057053 0.7528 148
1789242238328 0.8046 149
1789242419328 0.80644 150
1789242600310 0.79671 151
1789242784813 0.80908 152
1789242970528 0.80727 153
1789243150591 0.79205 154
1789243333853 0.80804 155
1789243518592 0.82231 156
1789243699136 0.81409 157
1789243879713 0.78064 158
1789244064867 0.79395 159
1789244245303 0.81302 160
1789244426413 0.81739 161
1789244609025 0.81378 162
1789244793353 0.79621 163
1789244972910 0.78702 164
1789245156071 0.7818 165
1789245339808 0.79345 166
1789245523323 0.82044 167
1789245703803 0.80652 168
1789245886321 0.80745 169
1789246067264 0.79343 170
1789246248274 0.8253 171
1789246430313 0.80101 172
1789246612424 0.78847 173
1789246797575 0.83005 174
1789246980541 0.80307 175
1789247164977 0.8179 176
1789247346274 0.80265 177
1789247526742 0.80465 178
1789247708828 0.83541 179
1789247889083 0.85476 180
1789248069796 0.7972 181
1789248252049 0.81081 182
1789248435125 0.81117 183
1789248620217 0.82869 184
1789248800766 0.8162 185
1789248982521 0.80383 186
1789249162627 0.83353 187
1789249343410 0.78621 188
1789249523987 0.84533 189
1789249745448 0.8377 190
1789249928134 0.83949 191
1789250107510 0.83539 192
1789250288147 0.80225 193
1789250475552 0.82978 194
1789250657678 0.82691 195
1789250842967 0.8469 196
1789251022882 0.83809 197
1789251206783 0.83912 198
1789251386567 0.84952 199
1789251404758 0.7867011840973998 200
