1789214529111 0.16646 0
1789214730818 0.15687 1
1789214932970 0.20099 2
1789215149386 0.23428 3
1789215351365 0.24661 4
1789215551716 0.25563 5
1789215744265 0.25771 6
1789215941552 0.30373 7
1789216136635 0.34895 8
1789216337110 0.33292 9
1789216529164 0.37978 10
1789216723867 0.39581 11
1789216929897 0.43617 12
1789217142109 0.40074 13
1789217340792 0.38841 14
1789217539320 0.45146 15
1789217735054 0.42403 16
1789217931858 0.40959 17
1789218132696 0.45889 18
1789218329535 0.43896 19
1789218527279 0.45385 20
1789218718559 0.4951 21
1789218913755 0.50308 22
1789219108521 0.49938 23
1789219306279 0.52404 24
1789219501203 0.51665 25
1789219694729 0.49199 26
1789219889777 0.54131 27
1789220086622 0.51048 28
1789220287355 0.49445 29
1789220482228 0.53391 30
1789220679358 0.54007 31
1789220871260 0.50661 32
1789221063787 0.52551 33
1789221257929 0.54007 34
1789221454818 0.56597 35
1789221651760 0.56473 36
1789221844543 0.5524 37
1789222035820 0.54986 38
1789222228571 0.54254 39
1789222429737 0.58499 40
1789222621830 0.51788 41
1789222804657 0.57953 42
1789222984230 0.54605 43
1789223164054 0.5894 44
1789223341615 0.56889 45
1789223527133 0.60912 46
1789223708461 0.58446 47
1789223892290 0.59063 48
1789224071375 0.57213 49
1789224251554 0.5709 50
1789224434695 0.60543 51
1789224618100 0.60541 52
1789224799860 0.61529 53
1789224979687 0.59309 54
1789225165305 0.5894 55
1789225344642 0.59803 56
1789225523955 0.62366 57
1789225702511 0.61192 58
1789225886070 0.61663 59
1789226065677 0.64118 60
1789226248369 0.62145 61
1789226426526 0.60588 62
1789226609287 0.60543 63
1789226786908 0.60173 64
1789226969731 0.63379 65
1789227150803 0.61776 66
1789227333970 0.58446 67
1789227513512 0.60296 68
1789227693842 0.61899 69
1789227874184 0.59803 70
1789228059667 0.63379 71
1789228239221 0.63255 72
1789228422770 0.63995 73
1789228605664 0.6125 74
1789228788900 0.63255 75
1789228973468 0.65228 76
1789229160856 0.63995 77
1789229340541 0.644 78
1789229524163 0.64657 79
1789229703030 0.63114 80
1789229882446 0.63986 81
1789230063848 0.66461 82
1789230248852 0.65424 83
1789230431930 0.62617 84
1789230615368 0.58981 85
1789230793473 0.65215 86
1789230972255 0.64365 87
1789231156168 0.66215 88
1789231341891 0.62269 89
1789231522396 0.62515 90
1789231703283 0.68311 91
1789231888327 0.63495 92
1789232069325 0.65968 93
1789232252880 0.65721 94
1789232431614 0.67941 95
1789232610035 0.63898 96
1789232790279 0.6241 97
1789232975354 0.63301 98
1789233155812 0.64488 99
1789233336052 0.65351 100
1789233517320 0.6634 101
1789233704755 0.66091 102
1789233884257 0.67571 103
1789234067924 0.68804 104
1789234247701 0.66422 105
1789234429991 0.62392 106
1789234608876 0.64735 107
1789234788383 0.63872 108
1789234970840 0.64118 109
1789235153443 0.64612 110
1789235335206 0.66215 111
1789235516903 0.67324 112
1789235697059 0.63255 113
1789235879728 0.67078 114
1789236058925 0.67941 115
1789236241933 0.65883 116
1789236420845 0.64858 117
1789236600578 0.68417 118
1789236782593 0.67078 119
1789236963560 0.64365 120
1789237146056 0.66091 121
1789237327368 0.64735 122
1789237506136 0.6504 123
1789237684864 0.6561 124
1789237870253 0.66954 125
1789238049164 0.61652 126
1789238231463 0.66954 127
1789238410917 0.66519 128
1789238594965 0.63828 129
1789238775636 0.66215 130
1789238958114 0.65667 131
1789239138625 0.65475 132
1789239321297 0.65924 133
1789239507441 0.65351 134
1789239693498 0.69051 135
1789239876925 0.70449 136
1789240058546 0.65475 137
1789240241534 0.65975 138
1789240426078 0.6575 139
1789240608024 0.63592 140
1789240789765 0.65475 141
1789240968492 0.68311 142
1789241147673 0.68132 143
1789241329739 0.68557 144
1789241512883 0.68927 145
1789241692603 0.68434 146
1789241873181 0.65676 147
1789242057053 0.68557 148
1789242238328 0.66338 149
1789242419328 0.66617 150
1789242600310 0.67254 151
1789242784813 0.66091 152
1789242970528 0.66954 153
1789243150591 0.68054 154
1789243333853 0.66203 155
1789243518592 0.66338 156
1789243699136 0.65351 157
1789243879713 0.67902 158
1789244064867 0.66556 159
1789244245303 0.6674 160
1789244426413 0.66442 161
1789244609025 0.66189 162
1789244793353 0.66215 163
1789244972910 0.67774 164
1789245156071 0.68064 165
1789245339808 0.66954 166
1789245523323 0.66338 167
1789245703803 0.67448 168
1789245886321 0.65871 169
1789246067264 0.68434 170
1789246248274 0.66831 171
1789246430313 0.67558 172
1789246612424 0.67818 173
1789246797575 0.65163 174
1789246980541 0.67448 175
1789247164977 0.66708 176
1789247346274 0.68064 177
1789247526742 0.66954 178
1789247708828 0.67078 179
1789247889083 0.67201 180
1789248069796 0.65968 181
1789248252049 0.67324 182
1789248435125 0.68064 183
1789248620217 0.66982 184
1789248800766 0.66965 185
1789248982521 0.67201 186
1789249162627 0.66338 187
1789249343410 0.68064 188
1789249523987 0.67324 189
1789249745448 0.66925 190
1789249928134 0.66338 191
1789250107510 0.66954 192
1789250288147 0.66945 193
1789250475552 0.68273 194
1789250657678 0.68434 195
1789250842967 0.68927 196
1789251022882 0.65351 197
1789251206783 0.65876 198
1789251386567 0.66338 199
1789251404758 0.6834615590152878 200
