1789214529111 0.15166 0
1789214730818 0.14797 1
1789214932970 0.18742 2
1789215149386 0.21948 3
1789215351365 0.24414 4
1789215551716 0.19605 5
1789215744265 0.21702 6
1789215941552 0.27744 7
1789216136635 0.25771 8
1789216337110 0.2725 9
1789216529164 0.32306 10
1789216723867 0.33662 11
1789216929897 0.38348 12
1789217142109 0.34986 13
1789217340792 0.35882 14
1789217539320 0.4106 15
1789217735054 0.39457 16
1789217931858 0.35512 17
1789218132696 0.41554 18
1789218329535 0.40197 19
1789218527279 0.38594 20
1789218718559 0.44718 21
1789218913755 0.46705 22
1789219108521 0.44382 23
1789219306279 0.48136 24
1789219501203 0.49568 25
1789219694729 0.45499 26
1789219889777 0.45993 27
1789220086622 0.45869 28
1789220287355 0.4254 29
1789220482228 0.49445 30
1789220679358 0.47965 31
1789220871260 0.48335 32
1789221063787 0.49692 33
1789221257929 0.47472 34
1789221454818 0.52066 35
1789221651760 0.50801 36
1789221844543 0.46486 37
1789222035820 0.49692 38
1789222228571 0.48878 39
1789222429737 0.52699 40
1789222621830 0.45006 41
1789222804657 0.51911 42
1789222984230 0.51892 43
1789223164054 0.55487 44
1789223341615 0.51665 45
1789223527133 0.55487 46
1789223708461 0.53637 47
1789223892290 0.53861 48
1789224071375 0.54871 49
1789224251554 0.55487 50
1789224434695 0.56104 51
1789224618100 0.54963 52
1789224799860 0.582 53
1789224979687 0.55855 54
1789225165305 0.50813 55
1789225344642 0.53268 56
1789225523955 0.56227 57
1789225702511 0.5709 58
1789225886070 0.54747 59
1789226065677 0.60156 60
1789226248369 0.58446 61
1789226426526 0.5598 62
1789226609287 0.5672 63
1789226786908 0.55364 64
1789226969731 0.5894 65
1789227150803 0.59433 66
1789227333970 0.5561 67
1789227513512 0.56967 68
1789227693842 0.57337 69
1789227874184 0.57337 70
1789228059667 0.5672 71
1789228239221 0.59309 72
1789228422770 0.60484 73
1789228605664 0.5783 74
1789228788900 0.59803 75
1789228973468 0.60173 76
1789229160856 0.596 77
1789229340541 0.61441 78
1789229524163 0.57707 79
1789229703030 0.58938 80
1789229882446 0.60049 81
1789230063848 0.61868 82
1789230248852 0.61709 83
1789230431930 0.58446 84
1789230615368 0.55734 85
1789230793473 0.62925 86
1789230972255 0.60049 87
1789231156168 0.62392 88
1789231341891 0.58693 89
1789231522396 0.59679 90
1789231703283 0.63647 91
1789231888327 0.63255 92
1789232069325 0.61776 93
1789232252880 0.62515 94
1789232431614 0.63748 95
1789232610035 0.61652 96
1789232790279 0.59063 97
1789232975354 0.59309 98
1789233155812 0.61529 99
1789233336052 0.59803 100
1789233517320 0.60912 101
1789233704755 0.61441 102
1789233884257 0.60419 103
1789234067924 0.64365 104
1789234247701 0.62022 105
1789234429991 0.58042 106
1789234608876 0.62092 107
1789234788383 0.60912 108
1789234970840 0.58372 109
1789235153443 0.58693 110
1789235335206 0.60296 111
1789235516903 0.63853 112
1789235697059 0.58972 113
1789235879728 0.61652 114
1789236058925 0.64242 115
1789236241933 0.59556 116
1789236420845 0.60291 117
1789236600578 0.59063 118
1789236782593 0.63009 119
1789236963560 0.61776 120
1789237146056 0.61529 121
1789237327368 0.58831 122
1789237506136 0.61036 123
1789237684864 0.6076 124
1789237870253 0.61652 125
1789238049164 0.59063 126
1789238231463 0.61776 127
1789238410917 0.60912 128
1789238594965 0.58693 129
1789238775636 0.60049 130
1789238958114 0.62417 131
1789239138625 0.62022 132
1789239321297 0.62198 133
1789239507441 0.59946 134
1789239693498 0.66091 135
1789239876925 0.63502 136
1789240058546 0.61776 137
1789240241534 0.60912 138
1789240426078 0.63476 139
1789240608024 0.60173 140
1789240789765 0.61776 141
1789240968492 0.64653 142
1789241147673 0.63292 143
1789241329739 0.60296 144
1789241512883 0.65968 145
1789241692603 0.61652 146
1789241873181 0.62269 147
1789242057053 0.65475 148
1789242238328 0.63255 149
1789242419328 0.62162 150
1789242600310 0.62515 151
1789242784813 0.63255 152
1789242970528 0.62494 153
1789243150591 0.64982 154
1789243333853 0.63132 155
1789243518592 0.63255 156
1789243699136 0.63174 157
1789243879713 0.63379 158
1789244064867 0.63664 159
1789244245303 0.63502 160
1789244426413 0.62269 161
1789244609025 0.63583 162
1789244793353 0.63009 163
1789244972910 0.64246 164
1789245156071 0.65105 165
1789245339808 0.64488 166
1789245523323 0.63872 167
1789245703803 0.64118 168
1789245886321 0.63084 169
1789246067264 0.64242 170
1789246248274 0.61164 171
1789246430313 0.63255 172
1789246612424 0.65105 173
1789246797575 0.61529 174
1789246980541 0.63358 175
1789247164977 0.63379 176
1789247346274 0.65228 177
1789247526742 0.64504 178
1789247708828 0.62392 179
1789247889083 0.60955 180
1789248069796 0.6301 181
1789248252049 0.63502 182
1789248435125 0.63502 183
1789248620217 0.62515 184
1789248800766 0.63516 185
1789248982521 0.63872 186
1789249162627 0.61282 187
1789249343410 0.65105 188
1789249523987 0.61652 189
1789249745448 0.62515 190
1789249928134 0.6191 191
1789250107510 0.62022 192
1789250288147 0.6403 193
1789250475552 0.62512 194
1789250657678 0.62269 195
1789250842967 0.61282 196
1789251022882 0.61529 197
1789251206783 0.61899 198
1789251386567 0.60562 199
1789251404758 0.6503345721389289 200
