1789214493612 0.0006652719665271968 0
1789214711519 0.0013318572958018033 1
1789214913539 0.0019981171352817665 2
1789215127090 0.0019989009762123506 3
1789215329876 0.0019980464611439887 4
1789215530874 0.0019969481603957966 5
1789215726283 0.001995606344957049 6
1789215921686 0.001994021345900628 7
1789216118426 0.0019921935543013333 8
1789216318585 0.001990123421139392 9
1789216510899 0.001987811457189186 10
1789216704984 0.001985258232893226 11
1789216909728 0.001982464378221402 12
1789217122587 0.0019794305825155483 13
1789217322403 0.00197615759431936 14
1789217521200 0.0019726462211937 15
1789217716646 0.001968897329517345 16
1789217912874 0.00196491184427322 17
1789218113327 0.0019606907488201736 18
1789218310968 0.001956235084650347 19
1789218509084 0.001951545951132202 20
1789218700090 0.00194662450523927 21
1789218895694 0.0019414719612646833 22
1789219088347 0.0019360895905215687 23
1789219287323 0.001930478721029369 24
1789219481923 0.001924640737186174 25
1789219676547 0.0019185770794271414 26
1789219871644 0.001912289243869091 27
1789220067942 0.0019057787819413594 28
1789220268523 0.0018990473000030095 29
1789220463810 0.0018920964589464841 30
1789220661838 0.0018849279737878067 31
1789220853502 0.001877543613243425 32
1789221045488 0.0018699451992938093 33
1789221238723 0.0018621346067339043 34
1789221435929 0.0018541137627105513 35
1789221632456 0.0018458846462469948 36
1789221826779 0.0018374492877545876 37
1789222018020 0.0018288097685318161 38
1789222210068 0.0018199682202507733 39
1789222411204 0.001810926824431198 40
1789222604758 0.0018016878119022197 41
1789222787673 0.0017922534622519335 42
1789222967290 0.0017826261032649466 43
1789223146988 0.0017728081103480313 44
1789223324304 0.0017628019059440306 45
1789223510091 0.0017526099589341552 46
1789223691510 0.0017422347840288235 47
1789223875073 0.0017316789411471977 48
1789224054452 0.001720945034785557 49
1789224234491 0.001710035713374682 50
1789224415324 0.001698953668626391 51
1789224601209 0.0016877016348694016 52
1789224782629 0.0016762823883746756 53
1789224962901 0.0016646987466704152 54
1789225146804 0.001652953567846882 55
1789225327790 0.001641049749851203 56
1789225507312 0.0016289902297723481 57
1789225685454 0.0016167779831164468 58
1789225869136 0.0016044160230726252 59
1789226048562 0.0015919073997695487 60
1789226231975 0.0015792551995228456 61
1789226410319 0.0015664625440736093 62
1789226592649 0.0015535325898181505 63
1789226770482 0.0015404685270292066 64
1789226952737 0.0015272735790687894 65
1789227133701 0.0015139510015928675 66
1789227316042 0.0015005040817480835 67
1789227496908 0.001486936137360698 68
1789227677166 0.0014732505161179678 69
1789227857448 0.0014594505947421515 70
1789228042542 0.001445539778157356 71
1789228222387 0.0014315214986494217 72
1789228405788 0.0014173992150190579 73
1789228587810 0.0014031764117284327 74
1789228771486 0.001388856598041439 75
1789228956094 0.0013744433071578314 76
1789229143236 0.0013599400953414648 77
1789229323400 0.0013453505410428385 78
1789229506991 0.001330678244016168 79
1789229685315 0.0013159268244311983 80
1789229865440 0.001301099921979981 81
1789230044601 0.0012862011949788372 82
1789230232058 0.001271234319465719 83
1789230412978 0.0012562029882932063 84
1789230596980 0.0012411109102173463 85
1789230777009 0.0012259618089825773 86
1789230955296 0.0012107594224029477 87
1789231137129 0.0011955075014398674 88
1789231325369 0.0011802098092766155 89
1789231505378 0.0011648701203898287 90
1789231686299 0.001149492219618207 91
1789231871504 0.0011340799012286614 92
1789232052256 0.001118636967980135 93
1789232236578 0.001103167230185329 94
1789232414700 0.0010876745047705666 95
1789232593590 0.0010721626143340205 96
1789232773396 0.0010566353862025465 97
1789232958484 0.0010410966514873472 98
1789233139224 0.0010255502441387026 99
1789233318875 0.0010100000000000003 100
1789233499358 0.0009944497558612977 101
1789233687853 0.0009789033485126531 102
1789233867561 0.0009633646137974539 103
1789234051089 0.0009478373856659796 104
1789234230588 0.0009323254952294335 105
1789234413384 0.0009168327698146708 106
1789234591913 0.0009013630320198654 107
1789234771721 0.0008859200987713388 108
1789234952918 0.0008705077803817933 109
1789235135848 0.0008551298796101716 110
1789235316681 0.0008397901907233844 111
1789235500274 0.0008244924985601328 112
1789235679651 0.0008092405775970528 113
1789235862975 0.0007940381910174233 114
1789236042076 0.0007788890897826535 115
1789236225422 0.0007637970117067938 116
1789236403926 0.0007487656805342808 117
1789236583664 0.0007337988050211633 118
1789236764646 0.0007189000780200192 119
1789236946263 0.0007040731755688026 120
1789237127687 0.0006893217559838321 121
1789237310445 0.0006746494589571617 122
1789237489520 0.0006600599046585356 123
1789237668275 0.000645556692842169 124
1789237851760 0.0006311434019585613 125
1789238032560 0.0006168235882715672 126
1789238214182 0.0006026007849809425 127
1789238394258 0.000588478501350578 128
1789238578286 0.000574460221842644 129
1789238758879 0.0005605494052578488 130
1789238941550 0.0005467494838820326 131
1789239121408 0.0005330638626393019 132
1789239304259 0.0005194959182519166 133
1789239489764 0.0005060489984071324 134
1789239676062 0.0004927264209312108 135
1789239859993 0.0004795314729707929 136
1789240041480 0.00046646741018184956 137
1789240223013 0.0004535374559263905 138
1789240409097 0.00044074480047715415 139
1789240589334 0.0004280926002304519 140
1789240772906 0.00041558397692737506 141
1789240951721 0.0004032220168835532 142
1789241130636 0.00039100977022765184 143
1789241312107 0.00037895025014879715 144
1789241495489 0.0003670464321531184 145
1789241675699 0.0003553012533295847 146
1789241856129 0.00034371761162532445 147
1789242039838 0.0003322983651305982 148
1789242221260 0.00032104633137360896 149
1789242402135 0.0003099642866253181 150
1789242583504 0.0002990549652144434 151
1789242767223 0.0002883210588528029 152
1789242951408 0.00027776521597117657 153
1789243133771 0.00026739004106584495 154
1789243315311 0.00025719809405596927 155
1789243501414 0.0002471918896519689 156
1789243682437 0.0002373738967350536 157
1789243862717 0.00022774653774806653 158
1789244048184 0.00021831218809778054 159
1789244228336 0.000209073175568802 160
1789244409501 0.0002000317797492268 161
1789244592455 0.00019119023146818394 162
1789244776492 0.00018255071224541287 163
1789244956273 0.00017411535375300535 164
1789245139517 0.00016588623728944896 165
1789245320426 0.00015786539326609583 166
1789245506519 0.00015005480070619058 167
1789245686777 0.00014245638675657512 168
1789245869497 0.00013507202621219338 169
1789246050350 0.00012790354105351586 170
1789246231083 0.00012095269999699055 171
1789246412514 0.00011422121805864084 172
1789246595447 0.0001077107561309092 173
1789246779594 0.00010142292057285874 174
1789246963586 9.535926281382645e-05 175
1789247146440 8.952127897063122e-05 176
1789247329911 8.391040947843109e-05 177
1789247508197 7.852803873531666e-05 178
1789247692100 7.337549476073013e-05 179
1789247872313 6.845404886779782e-05 180
1789248052884 6.376491534965334e-05 181
1789248234120 5.930925117982655e-05 182
1789248418204 5.508815572678016e-05 183
1789248602198 5.1102670482655154e-05 184
1789248784355 4.735377880630032e-05 185
1789248964937 4.384240568064013e-05 186
1789249146004 4.0569417484451974e-05 187
1789249326459 3.7535621778598036e-05 188
1789249507350 3.474176710677379e-05 189
1789249726747 3.2188542810813514e-05 190
1789249911109 2.987657886060813e-05 191
1789250090528 2.780644569866708e-05 192
1789250271403 2.597865409937228e-05 193
1789250457919 2.439365504295088e-05 194
1789250640396 2.3051839604203206e-05 195
1789250824631 2.1953538856011256e-05 196
1789251005212 2.109902378764983e-05 197
1789251190008 2.048850523792578e-05 198
1789251369988 2.0122133843156086e-05 199
